{
    "default_fov": 50.0,
    "default_transition_sec": 2.0,
    "keyframes": [
        {
            "matrix": [
                0.9992961317758542,
                0.01948240279333519,
                -0.03205740162915624,
                -0.008155835425695673,
                0.0164131188490465,
                -0.9954964834275677,
                -0.09336680894726175,
                -0.07662442162010512,
                -0.033732040369089125,
                0.09277492907432293,
                -0.9951155520781461,
                -0.3121559669886941,
                0.0,
                0.0,
                0.0,
                1.0
            ],
            "fov": 50.0,
            "aspect": 1.3333333333333333,
            "override_transition_enabled": false,
            "override_transition_sec": null
        },
        {
            "matrix": [
                0.9992961317758541,
                0.021660466127730357,
                -0.030627850478677724,
                0.002151230157514567,
                0.016413118849046684,
                -0.9866152562288826,
                -0.16223731292789473,
                -0.06362635819608893,
                -0.03373204036908918,
                0.1616204206885566,
                -0.9862763249054457,
                -0.11850581802461928,
                0.0,
                0.0,
                0.0,
                1.0
            ],
            "fov": 50.0,
            "aspect": 1.3333333333333333,
            "override_transition_enabled": false,
            "override_transition_sec": null
        }
    ],
    "render_height": 960.0,
    "render_width": 1280.0,
    "fps": 10.0,
    "seconds": 4.0,
    "is_cycle": true,
    "smoothness_value": 0.0,
    "camera_path": [
        {
            "camera_to_world": [
                0.9992961317758542,
                0.019482402793335196,
                -0.03205740162915624,
                -0.008155835425695673,
                0.016413118849046508,
                -0.9954964834275677,
                -0.09336680894726178,
                -0.07662442162010512,
                -0.033732040369089125,
                0.09277492907432296,
                -0.9951155520781461,
                -0.3121559669886941,
                0.0,
                0.0,
                0.0,
                1.0
            ],
            "fov": 50.0,
            "aspect": 1.3333333333333333
        },
        {
            "camera_to_world": [
                0.9992961317758542,
                0.019498544902579094,
                -0.03204758593867704,
                -0.008081109200217398,
                0.016413118849046497,
                -0.9954493362838533,
                -0.09386814380652632,
                -0.076530185660281,
                -0.033732040369089125,
                0.09327607216600482,
                -0.9950687030621655,
                -0.3107520034087045,
                0.0,
                0.0,
                0.0,
                1.0
            ],
            "fov": 50.0,
            "aspect": 1.3333333333333333
        },
        {
            "camera_to_world": [
                0.9992961317758542,
                0.01954471738658333,
                -0.032019447841794085,
                -0.007867237589365788,
                0.016413118849046504,
                -0.9953130025886152,
                -0.0953028667338086,
                -0.07626047584423266,
                -0.03373204036908914,
                0.09471024707133645,
                -0.9949332231623509,
                -0.30673376281769993,
                0.0,
                0.0,
                0.0,
                1.0
            ],
            "fov": 50.0,
            "aspect": 1.3333333333333333
        },
        {
            "camera_to_world": [
                0.9992961317758541,
                0.019617509372396133,
                -0.03197490177997008,
                -0.007529681191515651,
                0.016413118849046504,
                -0.9950936180060069,
                -0.09756690490818452,
                -0.07583478926709614,
                -0.03373204036908912,
                0.09697342280099015,
                -0.9947151877410936,
                -0.30039172043912654,
                0.0,
                0.0,
                0.0,
                1.0
            ],
            "fov": 50.0,
            "aspect": 1.3333333333333333
        },
        {
            "camera_to_world": [
                0.9992961317758541,
                0.01971348361215254,
                -0.03191582024150686,
                -0.007083900605041808,
                0.016413118849046525,
                -0.9947960051659677,
                -0.1005560422624135,
                -0.07527262302400743,
                -0.033732040369089146,
                0.09996142590873046,
                -0.9944193596178791,
                -0.2920163514964303,
                0.0,
                0.0,
                0.0,
                1.0
            ],
            "fov": 50.0,
            "aspect": 1.3333333333333333
        },
        {
            "camera_to_world": [
                0.9992961317758541,
                0.019829191964921448,
                -0.03184406010283676,
                -0.006545356428319074,
                0.01641311884904653,
                -0.9944244855166601,
                -0.10416598357704544,
                -0.0745934742101026,
                -0.033732040369089125,
                0.10357000410806462,
                -0.9940500006043931,
                -0.2818981312130574,
                0.0,
                0.0,
                0.0,
                1.0
            ],
            "fov": 50.0,
            "aspect": 1.3333333333333333
        },
        {
            "camera_to_world": [
                0.9992961317758541,
                0.01996118893450988,
                -0.03176148538931368,
                -0.005929509259722261,
                0.016413118849046535,
                -0.9939835826930453,
                -0.10829241370633734,
                -0.07381683992051762,
                -0.03373204036908913,
                0.10769488508289633,
                -0.9936115746002154,
                -0.2703275348124539,
                0.0,
                0.0,
                0.0,
                1.0
            ],
            "fov": 50.0,
            "aspect": 1.3333333333333333
        },
        {
            "camera_to_world": [
                0.9992961317758541,
                0.020106043352847106,
                -0.031669986398926965,
                -0.005251819697626188,
                0.01641311884904655,
                -0.9934786170900092,
                -0.11283105474367404,
                -0.07296221725038857,
                -0.03373204036908913,
                0.11223183329882984,
                -0.9931093419392055,
                -0.25759503751806595,
                0.0,
                0.0,
                0.0,
                1.0
            ],
            "fov": 50.0,
            "aspect": 1.3333333333333333
        },
        {
            "camera_to_world": [
                0.9992961317758541,
                0.0202603482367513,
                -0.03157149516795737,
                -0.004527748340405669,
                0.016413118849046563,
                -0.9929161914611523,
                -0.11767772203746898,
                -0.07204910329485142,
                -0.033732040369089146,
                0.11707670572580314,
                -0.9925498448082757,
                -0.24399111455333972,
                0.0,
                0.0,
                0.0,
                1.0
            ],
            "fov": 50.0,
            "aspect": 1.3333333333333333
        },
        {
            "camera_to_world": [
                0.9992961317758541,
                0.02042072879469853,
                -0.031467997287850366,
                -0.003772755786435519,
                0.016413118849046573,
                -0.992304567493092,
                -0.12272837838900415,
                -0.07109699514904223,
                -0.03373204036908914,
                0.12212550580382821,
                -0.9919412836880503,
                -0.2298062411417212,
                0.0,
                0.0,
                0.0,
                1.0
            ],
            "fov": 50.0,
            "aspect": 1.3333333333333333
        },
        {
            "camera_to_world": [
                0.9992961317758542,
                0.02058384851982137,
                -0.03136154010771529,
                -0.0030023026340905536,
                0.016413118849046587,
                -0.9916539334367691,
                -0.12787918450252517,
                -0.07012538990809702,
                -0.033732040369089125,
                0.12727443372294706,
                -0.9912937848958003,
                -0.21533089250665666,
                0.0,
                0.0,
                0.0,
                1.0
            ],
            "fov": 50.0,
            "aspect": 1.3333333333333333
        },
        {
            "camera_to_world": [
                0.9992961317758542,
                0.02074641327574698,
                -0.03125423737682138,
                -0.0022318494817455876,
                0.0164131188490466,
                -0.9909765630105777,
                -0.13302654281529533,
                -0.0691537846671518,
                -0.033732040369089146,
                0.13241993014623757,
                -0.9906195594437875,
                -0.20085554387159207,
                0.0,
                0.0,
                0.0,
                1.0
            ],
            "fov": 50.0,
            "aspect": 1.3333333333333333
        },
        {
            "camera_to_world": [
                0.9992961317758542,
                0.02090517326292376,
                -0.031148270395993542,
                -0.0014768569277754371,
                0.016413118849046622,
                -0.9902868659174918,
                -0.1380671312114469,
                -0.06820167652134262,
                -0.03373204036908916,
                0.1374587098810365,
                -0.9899329535531077,
                -0.1866706704599736,
                0.0,
                0.0,
                0.0,
                1.0
            ],
            "fov": 50.0,
            "aspect": 1.3333333333333333
        },
        {
            "camera_to_world": [
                0.9992961317758541,
                0.021056922744540893,
                -0.03104588575552688,
                -0.0007527855705549202,
                0.016413118849046622,
                -0.9896013304276702,
                -0.14289792281706468,
                -0.06728856256580548,
                -0.03373204036908916,
                0.14228778169721792,
                -0.989250391272211,
                -0.17306674749524734,
                0.0,
                0.0,
                0.0,
                1.0
            ],
            "fov": 50.0,
            "aspect": 1.3333333333333333
        },
        {
            "camera_to_world": [
                0.9992961317758541,
                0.02119849741273556,
                -0.030949389739654557,
                -7.509600845884562e-05,
                0.016413118849046632,
                -0.9889383585544954,
                -0.14741618808389753,
                -0.06643393989567643,
                -0.03373204036908917,
                0.14680445050127813,
                -0.9885902097257264,
                -0.1603342502008594,
                0.0,
                0.0,
                0.0,
                1.0
            ],
            "fov": 50.0,
            "aspect": 1.3333333333333333
        },
        {
            "camera_to_world": [
                0.9992961317758541,
                0.02132676928717084,
                -0.03086113947323687,
                0.0005407511601379672,
                0.016413118849046653,
                -0.988317994380034,
                -0.15151947569297763,
                -0.06565730560609145,
                -0.033732040369089174,
                0.15090629839870684,
                -0.9879723875474148,
                -0.14876365380025597,
                0.0,
                0.0,
                0.0,
                1.0
            ],
            "fov": 50.0,
            "aspect": 1.3333333333333333
        },
        {
            "camera_to_world": [
                0.9992961317758541,
                0.02143863905895234,
                -0.03078353087471864,
                0.0010792953368606987,
                0.016413118849046664,
                -0.9877615460507861,
                -0.15510556944548298,
                -0.06497815679218662,
                -0.033732040369089174,
                0.15449114181292223,
                -0.9874181670163242,
                -0.13864543351688305,
                0.0,
                0.0,
                0.0,
                1.0
            ],
            "fov": 50.0,
            "aspect": 1.3333333333333333
        },
        {
            "camera_to_world": [
                0.9992961317758541,
                0.021531025822940086,
                -0.030718983460177825,
                0.0015250759233345484,
                0.01641311884904667,
                -0.987291101854463,
                -0.15807241925347307,
                -0.0644159905490979,
                -0.03373204036908916,
                0.15745696277399288,
                -0.9869495703056596,
                -0.13027006457418677,
                0.0,
                0.0,
                0.0,
                1.0
            ],
            "fov": 50.0,
            "aspect": 1.3333333333333333
        },
        {
            "camera_to_world": [
                0.9992961317758542,
                0.02160085418064569,
                -0.03066992201622422,
                0.0018626323211846777,
                0.01641311884904667,
                -0.9869289405958928,
                -0.16031804559660395,
                -0.06399030397196138,
                -0.03373204036908918,
                0.15970181374340803,
                -0.9865888100620253,
                -0.1239280221956133,
                0.0,
                0.0,
                0.0,
                1.0
            ],
            "fov": 50.0,
            "aspect": 1.3333333333333333
        },
        {
            "camera_to_world": [
                0.9992961317758541,
                0.021645038744024722,
                -0.030638755124587923,
                0.0020765039320362914,
                0.016413118849046684,
                -0.9866968362139923,
                -0.16174041837136863,
                -0.06372059415591305,
                -0.03373204036908919,
                0.16112369690107028,
                -0.9863575942575139,
                -0.11990978160460881,
                0.0,
                0.0,
                0.0,
                1.0
            ],
            "fov": 50.0,
            "aspect": 1.3333333333333333
        },
        {
            "camera_to_world": [
                0.9992961317758541,
                0.021660466127730357,
                -0.030627850478677724,
                0.002151230157514567,
                0.016413118849046684,
                -0.9866152562288826,
                -0.16223731292789473,
                -0.06362635819608893,
                -0.03373204036908918,
                0.1616204206885566,
                -0.9862763249054457,
                -0.11850581802461928,
                0.0,
                0.0,
                0.0,
                1.0
            ],
            "fov": 50.0,
            "aspect": 1.3333333333333333
        },
        {
            "camera_to_world": [
                0.9992961317758541,
                0.02164503874402476,
                -0.030638755124587885,
                0.0020765039320362927,
                0.01641311884904668,
                -0.9866968362139923,
                -0.1617404183713701,
                -0.06372059415591305,
                -0.03373204036908918,
                0.16112369690107176,
                -0.9863575942575139,
                -0.11990978160460883,
                0.0,
                0.0,
                0.0,
                1.0
            ],
            "fov": 50.0,
            "aspect": 1.3333333333333333
        },
        {
            "camera_to_world": [
                0.9992961317758541,
                0.02160085418064534,
                -0.03066992201622447,
                0.0018626323211846797,
                0.016413118849046678,
                -0.9869289405958953,
                -0.16031804559659268,
                -0.06399030397196138,
                -0.03373204036908918,
                0.15970181374339681,
                -0.9865888100620277,
                -0.12392802219561339,
                0.0,
                0.0,
                0.0,
                1.0
            ],
            "fov": 50.0,
            "aspect": 1.3333333333333333
        },
        {
            "camera_to_world": [
                0.9992961317758541,
                0.021531025822940107,
                -0.03071898346017784,
                0.0015250759233345454,
                0.01641311884904667,
                -0.9872911018544643,
                -0.1580724192534738,
                -0.06441599054909791,
                -0.03373204036908919,
                0.1574569627739936,
                -0.9869495703056609,
                -0.13027006457418683,
                0.0,
                0.0,
                0.0,
                1.0
            ],
            "fov": 50.0,
            "aspect": 1.3333333333333333
        },
        {
            "camera_to_world": [
                0.9992961317758541,
                0.021438639058952463,
                -0.030783530874718548,
                0.0010792953368607024,
                0.016413118849046664,
                -0.9877615460507861,
                -0.15510556944548712,
                -0.06497815679218662,
                -0.03373204036908917,
                0.1544911418129263,
                -0.9874181670163242,
                -0.13864543351688305,
                0.0,
                0.0,
                0.0,
                1.0
            ],
            "fov": 50.0,
            "aspect": 1.3333333333333333
        },
        {
            "camera_to_world": [
                0.9992961317758541,
                0.021326769287170852,
                -0.03086113947323686,
                0.0005407511601379668,
                0.016413118849046657,
                -0.988317994380034,
                -0.151519475692978,
                -0.06565730560609145,
                -0.033732040369089174,
                0.1509062983987072,
                -0.9879723875474148,
                -0.14876365380025597,
                0.0,
                0.0,
                0.0,
                1.0
            ],
            "fov": 50.0,
            "aspect": 1.3333333333333333
        },
        {
            "camera_to_world": [
                0.9992961317758541,
                0.021198497412735533,
                -0.03094938973965458,
                -7.509600845884597e-05,
                0.016413118849046646,
                -0.9889383585544961,
                -0.14741618808389628,
                -0.06643393989567643,
                -0.03373204036908917,
                0.14680445050127688,
                -0.9885902097257271,
                -0.16033425020085945,
                0.0,
                0.0,
                0.0,
                1.0
            ],
            "fov": 50.0,
            "aspect": 1.3333333333333333
        },
        {
            "camera_to_world": [
                0.9992961317758541,
                0.021056922744541007,
                -0.031045885755526817,
                -0.0007527855705549199,
                0.016413118849046632,
                -0.9896013304276702,
                -0.1428979228170681,
                -0.06728856256580548,
                -0.03373204036908917,
                0.14228778169722134,
                -0.989250391272211,
                -0.17306674749524736,
                0.0,
                0.0,
                0.0,
                1.0
            ],
            "fov": 50.0,
            "aspect": 1.3333333333333333
        },
        {
            "camera_to_world": [
                0.9992961317758542,
                0.020905173262923786,
                -0.03114827039599353,
                -0.0014768569277754354,
                0.016413118849046615,
                -0.9902868659174912,
                -0.13806713121144776,
                -0.06820167652134262,
                -0.03373204036908916,
                0.13745870988103737,
                -0.9899329535531071,
                -0.18667067045997357,
                0.0,
                0.0,
                0.0,
                1.0
            ],
            "fov": 50.0,
            "aspect": 1.3333333333333333
        },
        {
            "camera_to_world": [
                0.9992961317758542,
                0.02074641327574707,
                -0.03125423737682132,
                -0.0022318494817455863,
                0.0164131188490466,
                -0.9909765630105772,
                -0.1330265428152983,
                -0.0691537846671518,
                -0.03373204036908916,
                0.13241993014624054,
                -0.9906195594437871,
                -0.20085554387159207,
                0.0,
                0.0,
                0.0,
                1.0
            ],
            "fov": 50.0,
            "aspect": 1.3333333333333333
        },
        {
            "camera_to_world": [
                0.9992961317758542,
                0.020583848519821438,
                -0.03136154010771527,
                -0.003002302634090553,
                0.016413118849046587,
                -0.9916539334367691,
                -0.12787918450252717,
                -0.07012538990809702,
                -0.033732040369089146,
                0.12727443372294905,
                -0.9912937848958003,
                -0.21533089250665668,
                0.0,
                0.0,
                0.0,
                1.0
            ],
            "fov": 50.0,
            "aspect": 1.3333333333333333
        },
        {
            "camera_to_world": [
                0.9992961317758541,
                0.02042072879469863,
                -0.03146799728785031,
                -0.003772755786435519,
                0.016413118849046577,
                -0.992304567493092,
                -0.12272837838900709,
                -0.07109699514904225,
                -0.03373204036908915,
                0.12212550580383115,
                -0.9919412836880503,
                -0.2298062411417213,
                0.0,
                0.0,
                0.0,
                1.0
            ],
            "fov": 50.0,
            "aspect": 1.3333333333333333
        },
        {
            "camera_to_world": [
                0.9992961317758541,
                0.02026034823675133,
                -0.031571495167957354,
                -0.004527748340405671,
                0.016413118849046567,
                -0.9929161914611523,
                -0.11767772203746986,
                -0.07204910329485142,
                -0.033732040369089146,
                0.11707670572580402,
                -0.9925498448082757,
                -0.24399111455333983,
                0.0,
                0.0,
                0.0,
                1.0
            ],
            "fov": 50.0,
            "aspect": 1.3333333333333333
        },
        {
            "camera_to_world": [
                0.9992961317758541,
                0.02010604335284722,
                -0.0316699863989269,
                -0.0052518196976261864,
                0.016413118849046553,
                -0.9934786170900092,
                -0.11283105474367744,
                -0.07296221725038857,
                -0.03373204036908914,
                0.11223183329883324,
                -0.9931093419392055,
                -0.25759503751806595,
                0.0,
                0.0,
                0.0,
                1.0
            ],
            "fov": 50.0,
            "aspect": 1.3333333333333333
        },
        {
            "camera_to_world": [
                0.9992961317758541,
                0.019961188934509842,
                -0.03176148538931369,
                -0.005929509259722261,
                0.01641311884904654,
                -0.9939835826930458,
                -0.10829241370633612,
                -0.07381683992051762,
                -0.03373204036908913,
                0.10769488508289511,
                -0.9936115746002159,
                -0.270327534812454,
                0.0,
                0.0,
                0.0,
                1.0
            ],
            "fov": 50.0,
            "aspect": 1.3333333333333333
        },
        {
            "camera_to_world": [
                0.9992961317758541,
                0.019829191964921458,
                -0.03184406010283675,
                -0.006545356428319074,
                0.016413118849046525,
                -0.9944244855166601,
                -0.10416598357704582,
                -0.0745934742101026,
                -0.03373204036908913,
                0.103570004108065,
                -0.9940500006043931,
                -0.2818981312130574,
                0.0,
                0.0,
                0.0,
                1.0
            ],
            "fov": 50.0,
            "aspect": 1.3333333333333333
        },
        {
            "camera_to_world": [
                0.9992961317758541,
                0.01971348361215267,
                -0.03191582024150674,
                -0.0070839006050418055,
                0.01641311884904652,
                -0.994796005165967,
                -0.10055604226241767,
                -0.07527262302400743,
                -0.03373204036908911,
                0.09996142590873462,
                -0.9944193596178784,
                -0.2920163514964303,
                0.0,
                0.0,
                0.0,
                1.0
            ],
            "fov": 50.0,
            "aspect": 1.3333333333333333
        },
        {
            "camera_to_world": [
                0.9992961317758541,
                0.01961750937239616,
                -0.03197490177997007,
                -0.007529681191515652,
                0.01641311884904651,
                -0.9950936180060069,
                -0.09756690490818519,
                -0.07583478926709614,
                -0.03373204036908912,
                0.09697342280099082,
                -0.9947151877410936,
                -0.30039172043912654,
                0.0,
                0.0,
                0.0,
                1.0
            ],
            "fov": 50.0,
            "aspect": 1.3333333333333333
        },
        {
            "camera_to_world": [
                0.9992961317758542,
                0.01954471738658296,
                -0.0320194478417943,
                -0.007867237589365783,
                0.0164131188490465,
                -0.9953130025886165,
                -0.09530286673379726,
                -0.07626047584423266,
                -0.03373204036908912,
                0.09471024707132511,
                -0.9949332231623522,
                -0.30673376281769993,
                0.0,
                0.0,
                0.0,
                1.0
            ],
            "fov": 50.0,
            "aspect": 1.3333333333333333
        },
        {
            "camera_to_world": [
                0.9992961317758542,
                0.01949854490257914,
                -0.032047585938677,
                -0.008081109200217398,
                0.016413118849046494,
                -0.9954493362838529,
                -0.09386814380652787,
                -0.076530185660281,
                -0.03373204036908911,
                0.09327607216600638,
                -0.9950687030621651,
                -0.3107520034087045,
                0.0,
                0.0,
                0.0,
                1.0
            ],
            "fov": 50.0,
            "aspect": 1.3333333333333333
        }
    ]
}