{"default_fov": 50.0, "default_transition_sec": 2.0, "keyframes": [{"matrix": [0.9970765002149103, 0.0031725386210039322, -0.0763438780642168, -0.06618286051541009, 0.016376621129118918, -0.9847926585807598, 0.1729601858400735, 0.020807178275179063, -0.07463416777575174, -0.17370479154052632, -0.9819655729180549, -0.20850543059767737, 0.0, 0.0, 0.0, 1.0], "fov": 50.0, "aspect": 1.3333333333333333, "override_transition_enabled": false, "override_transition_sec": null}, {"matrix": [0.94080765036321, 0.01304962663337398, -0.3386896400287224, -0.16725083671839397, 0.0154521574058913, -0.9998709357749556, 0.0043980250134823436, -0.049883311905559204, -0.33858853472845124, -0.00937118120864143, -0.9408878706377269, -0.11757606077720402, 0.0, 0.0, 0.0, 1.0], "fov": 50.0, "aspect": 1.3333333333333333, "override_transition_enabled": false, "override_transition_sec": null}, {"matrix": [0.9991309826249766, 0.011616784373863103, -0.04002911290123579, -0.005687673848524076, 0.016410401738791647, -0.9924447939377637, 0.12158959536326037, -0.0036722500058450716, -0.03831420459333817, -0.12214082571622435, -0.9917729782665684, -0.17209965933176466, 0.0, 0.0, 0.0, 1.0], "fov": 50.0, "aspect": 1.3333333333333333, "override_transition_enabled": false, "override_transition_sec": null}], "render_height": 960.0, "render_width": 1280.0, "fps": 10.0, "seconds": 6.0, "is_cycle": true, "smoothness_value": 0.0, "camera_path": [{"camera_to_world": [0.9970765002149103, 0.0031725386210039322, -0.0763438780642168, -0.06618286051541009, 0.016376621129118918, -0.9847926585807598, 0.1729601858400735, 0.020807178275179063, -0.07463416777575174, -0.17370479154052632, -0.9819655729180549, -0.20850543059767737, 0.0, 0.0, 0.0, 1.0], "fov": 50.0, "aspect": 1.3333333333333333}, {"camera_to_world": [0.9963601116615787, 0.00259504356179735, -0.08520442264717712, -0.07063271023930008, 0.01703770630569666, -0.9854306981395278, 0.16922191267115347, 0.019281104458340127, -0.08352391545879084, -0.17005765173362544, -0.9818880540231038, -0.20665923582746992, 0.0, 0.0, 0.0, 1.0], "fov": 50.0, "aspect": 1.3333333333333333}, {"camera_to_world": [0.9953453603896724, 0.0019879001082492836, -0.09635176077225019, -0.07582830028532435, 0.017832908119680947, -0.986320688497602, 0.16387033541678903, 0.017066453970444574, -0.0947079771653282, -0.1648258101596214, -0.9817651711924169, -0.20391502847194104, 0.0, 0.0, 0.0, 1.0], "fov": 50.0, "aspect": 1.3333333333333333}, {"camera_to_world": [0.9939882880525662, 0.0014049057202159161, -0.10947743810596686, -0.08165592918025452, 0.018696783456983848, -0.987408226535471, 0.1570841317843341, 0.014242753612945743, -0.10787823461056059, -0.1581866631862266, -0.9814984799210418, -0.2003751040721386, 0.0, 0.0, 0.0, 1.0], "fov": 50.0, "aspect": 1.3333333333333333}, {"camera_to_world": [0.992247924445197, 0.0009002710982391575, -0.12427085718762902, -0.08800189545086226, 0.019563426215971916, -0.9886371394744418, 0.14904321120562788, 0.010889530187296964, -0.12272460547457724, -0.15031898071681718, -0.9809907620601565, -0.19614175816911086, 0.0, 0.0, 0.0, 1.0], "fov": 50.0, "aspect": 1.3333333333333333}, {"camera_to_world": [0.9900919611740675, 0.0005248692638366702, -0.14041948914144584, -0.09475249762391919, 0.020370283344551356, -0.9899518814882478, 0.13992971054904893, 0.007086310494951562, -0.13893509266902812, -0.14140366632493587, -0.9801540915462805, -0.1913172863039057, 0.0, 0.0, 0.0, 1.0], "fov": 50.0, "aspect": 1.3333333333333333}, {"camera_to_world": [0.9875014671014652, 0.00032302546804669277, -0.15760947981324194, -0.10179403422619697, 0.021061431371254893, -0.9912996391269148, 0.12992860183748314, 0.0029126213373628627, -0.1561962502144262, -0.13162416617550252, -0.9789166513537079, -0.18600398401757118, 0.0, 0.0, 0.0, 1.0], "fov": 50.0, "aspect": 1.3333333333333333}, {"camera_to_world": [0.9844746273165077, 0.00032986136255236907, -0.17552663433651505, -0.1090128037844672, 0.021590301161941362, -0.9926321402286203, 0.1192279039524128, -0.001552010484015784, -0.17419405002972932, -0.1211665192065473, -0.9772282781201177, -0.18030414685115534, 0.0, 0.0, 0.0, 1.0], "fov": 50.0, "aspect": 1.3333333333333333}, {"camera_to_world": [0.9810294916600247, 0.0005692094983267264, -0.19385771197922605, -0.11629510482550157, 0.02192183381472214, -0.993907154354998, 0.1080185249119345, -0.006228058167731062, -0.19261508169266825, -0.11021907512993168, -0.9750647085101735, -0.17432007034570618, 0.0, 0.0, 0.0, 1.0], "fov": 50.0, "aspect": 1.3333333333333333}, {"camera_to_world": [0.9772057269988662, 0.001052113515351281, -0.21229192207375222, -0.1235272358760717, 0.02203404955994654, -0.9950896689081643, 0.09649378991535655, -0.01103599491232964, -0.21114797602773058, -0.09897193485726123, -0.9724305056558037, -0.16815405004227182, 0.0, 0.0, 0.0, 1.0], "fov": 50.0, "aspect": 1.3333333333333333}, {"camera_to_world": [0.9730653787191887, 0.001775925645302795, -0.23052248225755342, -0.1305954954629493, 0.02191901397248177, -0.9961527239318604, 0.08484873263407888, -0.01589629391635819, -0.22948491358813947, -0.08761618966399765, -0.9693606541139408, -0.16190838148190023, 0.0, 0.0, 0.0, 1.0], "fov": 50.0, "aspect": 1.3333333333333333}, {"camera_to_world": [0.9686926599132292, 0.0027240070641956146, -0.2482480824009464, -0.13738618211290587, 0.021583191028806983, -0.9970778898540054, 0.07327924282699498, -0.020729428378363373, -0.2473230609855193, -0.07634305043550384, -0.9659208260281765, -0.15568536020563942, 0.0, 0.0, 0.0, 1.0], "fov": 50.0, "aspect": 1.3333333333333333}, {"camera_to_world": [0.9641927997095237, 0.003866029194630317, -0.2651740915070264, -0.14378559435271324, 0.021047179546067753, -0.997855375572362, 0.06198117193547555, -0.025455871496891887, -0.2643657716525839, -0.06534296641265731, -0.9622063372889036, -0.14958728175453742, 0.0, 0.0, 0.0, 1.0], "fov": 50.0, "aspect": 1.3333333333333333}, {"camera_to_world": [0.9596899931993331, 0.0051588664338495455, -0.2810133503059625, -0.14968003070914285, 0.02034483713232698, -0.99848375865011, 0.05114949964573075, -0.029996096470490334, -0.28032339280752677, -0.054804833811144996, -0.9583398278459527, -0.14371644166964237, 0.0, 0.0, 0.0, 1.0], "fov": 50.0, "aspect": 1.3333333333333333}, {"camera_to_world": [0.9553245025171417, 0.006548064193682374, -0.29548640873260307, -0.15495578970896648, 0.019521802702193558, -0.9989693342286105, 0.040977658426310466, -0.03427057649770545, -0.2949135366673293, -0.04491538852289002, -0.954467712269098, -0.13817513549200222, 0.0, 0.0, 0.0, 1.0], "fov": 50.0, "aspect": 1.3333333333333333}, {"camera_to_world": [0.9512489601240536, 0.007969861731813176, -0.30832109426194393, -0.15949916987895577, 0.018633433677981696, -0.999325083833361, 0.031657099848457756, -0.03819978477708388, -0.30786070066228816, -0.03585886397284145, -0.9507554527123698, -0.133065658762665, 0.0, 0.0, 0.0, 1.0], "fov": 50.0, "aspect": 1.3333333333333333}, {"camera_to_world": [0.9476239198859836, 0.009353747993410755, -0.3192513333698056, -0.16319646974588226, 0.01774217619755322, -0.9995692688750584, 0.02337716630292981, -0.041704194507172276, -0.3188951577614467, -0.02781697537575977, -0.947381704613956, -0.12849030702267875, 0.0, 0.0, 0.0, 1.0], "fov": 50.0, "aspect": 1.3333333333333333}, {"camera_to_world": [0.9446126883368378, 0.010625531233065708, -0.3280151934271752, -0.16593398783651775, 0.016914385282751958, -0.9997236558131699, 0.016325304838102832, -0.044704278886517373, -0.3277510832988332, -0.02096926545126235, -0.94453137444072, -0.12455137581309143, 0.0, 0.0, 0.0, 1.0], "fov": 50.0, "aspect": 1.3333333333333333}, {"camera_to_world": [0.9423754474460562, 0.011710909815510658, -0.33435216560108977, -0.16759802267763374, 0.016216606695144534, -0.9998113803643187, 0.010687626550890023, -0.04712051111366574, -0.33416393838674535, -0.015493814420254041, -0.9423876081510043, -0.12135116067495129, 0.0, 0.0, 0.0, 1.0], "fov": 50.0, "aspect": 1.3333333333333333}, {"camera_to_world": [0.9410626519414418, 0.01253954207424293, -0.33799977071813087, -0.16807487279600197, 0.01571132333990321, -0.9998544568112568, 0.006649775453040433, -0.04887336438716412, -0.3378671920146284, -0.011568279009219038, -0.9411226994823338, -0.11899195714930613, 0.0, 0.0, 0.0, 1.0], "fov": 50.0, "aspect": 1.3333333333333333}, {"camera_to_world": [0.94080765036321, 0.01304962663337398, -0.3386896400287224, -0.16725083671839397, 0.0154521574058913, -0.9998709357749556, 0.0043980250134823436, -0.049883311905559204, -0.33858853472845124, -0.00937118120864143, -0.9408878706377269, -0.11757606077720402, 0.0, 0.0, 0.0, 1.0], "fov": 50.0, "aspect": 1.3333333333333333}, {"camera_to_world": [0.9417288491802326, 0.013252353191324841, -0.3361118113910417, -0.16483459936015685, 0.015452530850436538, -0.9998731054294444, 0.003871992923009049, -0.0501845437644665, -0.3360178476093065, -0.008840145574135495, -0.9418141312988659, -0.1170419730258756, 0.0, 0.0, 0.0, 1.0], "fov": 50.0, "aspect": 1.3333333333333333}, {"camera_to_world": [0.9437669927660856, 0.013212223154941517, -0.33034724234442064, -0.1607318189909422, 0.015677774080769723, -0.9998655739113959, 0.004800156946246963, -0.049898926223562005, -0.3302394143119984, -0.009709339119645843, -0.9438472641104223, -0.11721910563627011, 0.0, 0.0, 0.0, 1.0], "fov": 50.0, "aspect": 1.3333333333333333}, {"camera_to_world": [0.9467528406737812, 0.012965903592071188, -0.32170008396045985, -0.15512425416897851, 0.01609009216747351, -0.999845659466217, 0.0070545149094447535, -0.04907844672748287, -0.32155896443757875, -0.01185506603130013, -0.946815340918822, -0.11804611956001365, 0.0, 0.0, 0.0, 1.0], "fov": 50.0, "aspect": 1.3333333333333333}, {"camera_to_world": [0.9505005204280107, 0.012558806660426197, -0.3104690597166599, -0.14819366345249452, 0.016642566797718163, -0.9998062851748175, 0.01050795390715228, -0.04777509272086628, -0.31027694989551574, -0.015154817722341053, -0.9505254051646058, -0.11946167574873234, 0.0, 0.0, 0.0, 1.0], "fov": 50.0, "aspect": 1.3333333333333333}, {"camera_to_world": [0.954816537051393, 0.01204124711992579, -0.296951829327557, -0.1401218053997188, 0.017283171271821877, -0.9997376113057065, 0.015033314057434195, -0.04604085164834944, -0.29669289267519455, -0.01948632619447433, -0.9547741149232464, -0.12140443515405228, 0.0, 0.0, 0.0, 1.0], "fov": 50.0, "aspect": 1.3333333333333333}, {"camera_to_world": [0.9595077870407774, 0.011465016139749979, -0.28144868095804837, -0.13109043856887995, 0.017958355626951535, -0.9996285017553592, 0.020502583776501694, -0.043927710954569474, -0.2811090608132117, -0.024726744291390344, -0.9593572244192791, -0.12381305872759962, 0.0, 0.0, 0.0, 1.0], "fov": 50.0, "aspect": 1.3333333333333333}, {"camera_to_world": [0.9643886245597569, 0.010880359222926319, -0.2642653942591052, -0.12128132151820652, 0.018616211889718504, -0.9994678235955375, 0.026786307175060347, -0.0414876580841636, -0.26383331380744424, -0.0307520305082391, -0.9640779507617645, -0.12662620742100045, 0.0, 0.0, 0.0, 1.0], "fov": 50.0, "aspect": 1.3333333333333333}, {"camera_to_world": [0.9692869870006244, 0.010333356142588502, -0.24571519810968473, -0.11087621280592723, 0.019209219424785078, -0.9992455774962479, 0.03375324789232751, -0.038772680481769004, -0.24518104070327634, -0.03743658110753278, -0.9687542307905745, -0.12978254218588092, 0.0, 0.0, 0.0, 1.0], "fov": 50.0, "aspect": 1.3333333333333333}, {"camera_to_world": [0.9740495547319906, 0.009863708924924426, -0.22611981817756532, -0.10005687099027057, 0.019696562312714876, -0.9989538557721496, 0.04127032191559271, -0.035834765592022845, -0.22547618579236295, -0.04465312177440317, -0.9732248395701416, -0.13322072397386714, 0.0, 0.0, 0.0, 1.0], "fov": 50.0, "aspect": 1.3333333333333333}, {"camera_to_world": [0.9785458974170037, 0.00950294929320553, -0.2058096708201089, -0.08900505462946515, 0.02004600552667083, -0.9985876244211768, 0.04920278462947667, -0.03272590085956228, -0.20505141869973856, -0.05227284483936901, -0.9773543192627856, -0.13687941373658521, 0.0, 0.0, 0.0, 1.0], "fov": 50.0, "aspect": 1.3333333333333333}, {"camera_to_world": [0.98267154719651, 0.009273079288905283, -0.18512331114940367, -0.07790252228173958, 0.020235314714313453, -0.9981453259772533, 0.057414634616747236, -0.029498073729024514, -0.18424755729406544, -0.060165756292625265, -0.981036655482814, -0.14069727242566127, 0.0, 0.0, 0.0, 1.0], "fov": 50.0, "aspect": 1.3333333333333333}, {"camera_to_world": [0.9863499366946258, 0.00918565813009834, -0.16440628353936096, -0.06693103250532256, 0.020253205500317867, -0.997629301286081, 0.06576917881809677, -0.026203271645046745, -0.1634123925822937, -0.06820117960975347, -0.9841976371899942, -0.14461296099272145, 0.0, 0.0, 0.0, 1.0], "fov": 50.0, "aspect": 1.3333333333333333}, {"camera_to_world": [0.9895331457912334, 0.009241345231111142, -0.14400955148470226, -0.05627234385844264, 0.020099811903730978, -0.997046030282111, 0.07412969081359254, -0.02289348205226613, -0.1428990935658457, -0.07624835104448889, -0.9867958441446014, -0.1485651403893918, 0.0, 0.0, 0.0, 1.0], "fov": 50.0, "aspect": 1.3333333333333333}, {"camera_to_world": [0.9922014133433741, 0.009429904439274928, -0.12428769955903488, -0.04610821489932839, 0.019786668925671155, -0.9964061942272229, 0.08236008644026678, -0.019620692395319838, -0.12306438596213226, -0.08417703373182307, -0.9888222205734838, -0.1524924715672985, 0.0, 0.0, 0.0, 1.0], "fov": 50.0, "aspect": 1.3333333333333333}, {"camera_to_world": [0.994361386033551, 0.009730668872837425, -0.10559710246366862, -0.03662040418620845, 0.019336210631636108, -0.9957245643203824, 0.09032553884364462, -0.01643689011884506, -0.10426670093488304, -0.09185807581412177, -0.990298212148181, -0.15633361547806768, 0.0, 0.0, 0.0, 1.0], "fov": 50.0, "aspect": 1.3333333333333333}, {"camera_to_world": [0.9960430936174286, 0.010113460279362031, -0.08829424430958195, -0.027990670277311436, 0.018780791068977707, -0.9950197237166838, 0.09789295838617484, -0.013394062667478978, -0.0868644780324258, -0.09916384086929933, -0.9912724626056159, -0.16002723307332542, 0.0, 0.0, 0.0, 1.0], "fov": 50.0, "aspect": 1.3333333333333333}, {"camera_to_world": [0.9972956554761245, 0.010539952569616666, -0.07273434517665911, -0.020400771730865786, 0.018161240084488654, -0.99431363141798, 0.10493127148272927, -0.01054419748585873, -0.07121478025691524, -0.10596844707845304, -0.991816083402936, -0.16351198530469793, 0.0, 0.0, 0.0, 1.0], "fov": 50.0, "aspect": 1.3333333333333333}, {"camera_to_world": [0.998181735365363, 0.01096546699485265, -0.05927041181379672, -0.014032467105100376, 0.017524968624960044, -0.993631036866713, 0.11131144617637483, -0.007939282018621586, -0.05767233875686352, -0.11214776461778729, -0.9920165221575434, -0.16672653312381117, 0.0, 0.0, 0.0, 1.0], "fov": 50.0, "aspect": 1.3333333333333333}, {"camera_to_world": [0.9987707680623887, 0.0113411869907575, -0.04825277548190136, -0.009067514958243561, 0.01692363772500562, -0.9929987531113343, 0.11690623082406204, -0.005631303710404612, -0.04658909046352885, -0.11757913844290907, -0.9919700614700048, -0.1696095374822914, 0.0, 0.0, 0.0, 1.0], "fov": 50.0, "aspect": 1.3333333333333333}, {"camera_to_world": [0.9991309826249766, 0.011616784373863103, -0.04002911290123579, -0.005687673848524076, 0.016410401738791647, -0.9924447939377637, 0.12158959536326037, -0.0036722500058450716, -0.03831420459333817, -0.12214082571622435, -0.9917729782665684, -0.17209965933176466, 0.0, 0.0, 0.0, 1.0], "fov": 50.0, "aspect": 1.3333333333333333}, {"camera_to_world": [0.9993566448096032, 0.011782991947058891, -0.033874143172455906, -0.0036540614828712106, 0.015961953511798747, -0.9919176162098577, 0.12587556829123228, -0.0018449443300988355, -0.03211716853926684, -0.1263352830895987, -0.991467540432712, -0.17447994185330049, 0.0, 0.0, 0.0, 1.0], "fov": 50.0, "aspect": 1.3333333333333333}, {"camera_to_world": [0.9995146242000315, 0.011865689050789356, -0.028804885585956334, -0.0025612518060616264, 0.015524544729988885, -0.9913499492396046, 0.1303236995084153, 8.408861689220358e-05, -0.027009341369175065, -0.13070762627323293, -0.9910529813853647, -0.1770470165984349, 0.0, 0.0, 0.0, 1.0], "fov": 50.0, "aspect": 1.3333333333333333}, {"camera_to_world": [0.9996224774266214, 0.011867298571069499, -0.024780432766379867, -0.0023411877330950796, 0.015105499844206432, -0.9907472381507911, 0.13487673621139185, 0.002087309478311912, -0.02295052282456024, -0.13520013802214031, -0.990552470180593, -0.17975992707449373, 0.0, 0.0, 0.0, 1.0], "fov": 50.0, "aspect": 1.3333333333333333}, {"camera_to_world": [0.999693713971104, 0.0117896916084528, -0.021759628177846133, -0.002925812178971325, 0.01471264626697464, -0.9901159357239685, 0.13947749590981903, 0.004137178897344102, -0.01990015795121775, -0.139754917613758, -0.9899861346081008, -0.1825777167888028, 0.0, 0.0, 0.0, 1.0], "fov": 50.0, "aspect": 1.3333333333333333}, {"camera_to_world": [0.9997382167598426, 0.011634504390591167, -0.019701174011596264, -0.004247068058690131, 0.014354001318927345, -0.9894635553464821, 0.14406885606277064, 0.006206157517172658, -0.017817423943604003, -0.14431393192857161, -0.9893715320623134, -0.18545942924868805, 0.0, 0.0, 0.0, 1.0], "fov": 50.0, "aspect": 1.3333333333333333}, {"camera_to_world": [0.9997626469589664, 0.011403432304912536, -0.01856371399446532, -0.006236898287251244, 0.01403748247872067, -0.9887986898800856, 0.14859374137926024, 0.00826670598098141, -0.016661297406283842, -0.1488190600128026, -0.9887240709852501, -0.18836410796147526, 0.0, 0.0, 0.0, 1.0], "fov": 50.0, "aspect": 1.3333333333333333}, {"camera_to_world": [0.9997708324711734, 0.011098500751003468, -0.01830589579826542, -0.008827245779654394, 0.013770640920625847, -0.9881309963366097, 0.15299510948868295, 0.010291284931954187, -0.016390606716414166, -0.15321213189528715, -0.9880573822666215, -0.19125079643449025, 0.0, 0.0, 0.0, 1.0], "fov": 50.0, "aspect": 1.3333333333333333}, {"camera_to_world": [0.9997641398195408, 0.010722312575434155, -0.01888641691609076, -0.01195005345089937, 0.01356041835230542, -0.9874711462833294, 0.15721593529918862, 0.01225235501327487, -0.01696407336119987, -0.15743496203487614, -0.9873836402047959, -0.19407853817505893, 0.0, 0.0, 0.0, 1.0], "fov": 50.0, "aspect": 1.3333333333333333}, {"camera_to_world": [0.9997418292319187, 0.010278271904333298, -0.020264057112974618, -0.015537264215985891, 0.013412927189780821, -0.9868307419306486, 0.1611991940575584, 0.014122376868127276, -0.018340345368038816, -0.16142937746044034, -0.9867138327927276, -0.1968063766905071, 0.0, 0.0, 0.0, 1.0], "fov": 50.0, "aspect": 1.3333333333333333}, {"camera_to_world": [0.9997013928251485, 0.00977078423469876, -0.022397699857286627, -0.01952082098991371, 0.01333325412377887, -0.986222197883119, 0.16488784290256364, 0.01587381113969527, -0.020478025244853783, -0.1651372404336125, -0.9860579812080232, -0.19939335548816065, 0.0, 0.0, 0.0, 1.0], "fov": 50.0, "aspect": 1.3333333333333333}, {"camera_to_world": [0.9996388758439801, 0.009205432686266229, -0.02524634449662444, -0.02383266668768259, 0.01332528713961473, -0.9856585885577144, 0.16822480056478467, 0.0174791184711627, -0.023335694205024973, -0.16850046531530227, -0.9854253084655866, -0.20179851807534538, 0.0, 0.0, 0.0, 1.0], "fov": 50.0, "aspect": 1.3333333333333333}, {"camera_to_world": [0.9995491809455755, 0.008589130352238895, -0.028769110358529124, -0.02840474422429236, 0.01339156605113511, -0.9851534612880718, 0.1711529248094496, 0.018910759505713425, -0.02687193386652819, -0.17146102925132367, -0.9848243572426247, -0.2039809079593872, 0.0, 0.0, 0.0, 1.0], "fov": 50.0, "aspect": 1.3333333333333333}, {"camera_to_world": [0.9994263555453744, 0.007930248718569472, -0.03292523343201169, -0.03316899651474263, 0.013533156598905634, -0.9847206151373578, 0.17361498724468907, 0.020141194886531266, -0.031045346088589994, -0.17396097631010718, -0.9842630569149053, -0.20589956864761189, 0.0, 0.0, 0.0, 1.0], "fov": 50.0, "aspect": 1.3333333333333333}, {"camera_to_world": [0.9992638622604603, 0.0072387221457977866, -0.037674055820999544, -0.03805736647403329, 0.013749548145800084, -0.9843738454335574, 0.17555364522600125, 0.0211428852568001, -0.035814571142122845, -0.175942414806795, -0.9837487398547757, -0.20751354364734534, 0.0, 0.0, 0.0, 1.0], "fov": 50.0, "aspect": 1.3333333333333333}, {"camera_to_world": [0.9990548325073533, 0.006526128421885538, -0.04297500775480508, -0.043001797017163966, 0.014038574982362008, -0.9841266540180671, 0.17691141077858444, 0.021888291259703742, -0.0411383040020988, -0.17734750773277166, -0.9832881070392371, -0.20878187646591342, 0.0, 0.0, 0.0, 1.0], "fov": 50.0, "aspect": 1.3333333333333333}, {"camera_to_world": [0.9987923033356929, 0.005805745395366707, -0.048787581593939866, -0.047934231059134476, 0.014396361233462664, -0.9839919251611304, 0.17763061673294872, 0.022349873538426067, -0.046975308201403165, -0.17811845647797492, -0.9828871430033495, -0.2096636106106419, 0.0, 0.0, 0.0, 1.0], "fov": 50.0, "aspect": 1.3333333333333333}, {"camera_to_world": [0.9984694376094942, 0.005092583681309123, -0.05507129698154304, -0.05278661151494461, 0.014817289341090346, -0.983981567047196, 0.17765338062622793, 0.022500092736150914, -0.0532844263961137, -0.17819747838505984, -0.9825509801536222, -0.2101177895888567, 0.0, 0.0, 0.0, 1.0], "fov": 50.0, "aspect": 1.3333333333333333}, {"camera_to_world": [0.9980797276841303, 0.004403395393468681, -0.06178565606175025, -0.0574908812995941, 0.015293992090206574, -0.984106118672179, 0.17692156736227344, 0.022311409496062133, -0.06002458656181495, -0.17752677910948406, -0.9822837124309327, -0.21010345690788368, 0.0, 0.0, 0.0, 1.0], "fov": 50.0, "aspect": 1.3333333333333333}, {"camera_to_world": [0.9976171827693604, 0.003756658789853407, -0.06889008751671888, -0.061978983328082674, 0.015817368150276793, -0.984374321927657, 0.17537675214880988, 0.02175628446134357, -0.06715480256931128, -0.17604852127809284, -0.9820881582870626, -0.20957965607504864, 0.0, 0.0, 0.0, 1.0], "fov": 50.0, "aspect": 1.3333333333333333}]}