{"default_fov": 50.0, "default_transition_sec": 2.0, "keyframes": [{"matrix": [0.999501634490631, -0.03156711343401605, -3.1567113355251826e-08, 0.036841057980910516, -0.03156711343403183, -0.9995016344901319, -9.995016350938316e-07, -0.05416059146462536, 9.778203929640807e-17, 1.000000000600413e-06, -0.9999999999995006, -0.09660378330945288, 0.0, 0.0, 0.0, 1.0], "fov": 50.0, "aspect": 1.3333333333333333, "override_transition_enabled": false, "override_transition_sec": null}, {"matrix": [0.9995016344904466, -0.031567113439855965, -3.15671131595023e-08, 0.03699700275433052, -0.031567113439871744, -0.9995016344899471, -9.99501634819297e-07, -0.04922299863437956, 2.9061057204650723e-16, 1.000000000319836e-06, -0.9999999999995003, -0.04173500448523007, 0.0, 0.0, 0.0, 1.0], "fov": 50.0, "aspect": 1.3333333333333333, "override_transition_enabled": false, "override_transition_sec": null}, {"matrix": [0.9998666082159133, -0.015826754185768968, -0.004034801946610923, 0.02273659057365418, -0.01633296589126209, -0.968877491825155, -0.24700129566419535, -0.14174382231425364, 1.691355389077387e-17, 0.24703424800326698, -0.9690067493642447, -0.02356430805067867, 0.0, 0.0, 0.0, 1.0], "fov": 50.0, "aspect": 1.3333333333333333, "override_transition_enabled": false, "override_transition_sec": null}], "render_height": 960.0, "render_width": 1280.0, "fps": 10.0, "seconds": 4.0, "is_cycle": false, "smoothness_value": 0.0, "camera_path": [{"camera_to_world": [0.9995016344904466, -0.03156711343985597, -3.1567113159502306e-08, 0.036841057980910516, -0.03156711343987175, -0.9995016344899471, -9.99501634819297e-07, -0.05416059146462536, 2.9061057204650723e-16, 1.000000000319836e-06, -0.9999999999995003, -0.09660378330945288, 0.0, 0.0, 0.0, 1.0], "fov": 50.0, "aspect": 1.3333333333333333}, {"camera_to_world": [0.9995010660698745, -0.031585105274328125, 7.070644504753054e-06, 0.0370286091703529, -0.031585105984805496, -0.999501022438107, 0.0002953389709104669, -0.05269852719225251, -2.2611960760217677e-06, -0.0002954149433330549, -0.9999999563624484, -0.09340276515344553, 0.0, 0.0, 0.0, 1.0], "fov": 50.0, "aspect": 1.3333333333333333}, {"camera_to_world": [0.9994994788488751, -0.03163528183317869, 2.691026692868901e-05, 0.037213457292866396, -0.031635292110547476, -0.9994988491661072, 0.0011219664461389219, -0.051254736372975306, -8.596943904997258e-06, -0.0011222561923568389, -0.9999993702333667, -0.09020862788788624, 0.0, 0.0, 0.0, 1.0], "fov": 50.0, "aspect": 1.3333333333333333}, {"camera_to_world": [0.9994970484709608, -0.0317119348707465, 5.731135596644132e-05, 0.037392899281522105, -0.03171198134373354, -0.9994942023779346, 0.0023852991743791917, -0.04984749245988941, -1.8360084046282175e-05, -0.0023859169411634133, -0.9999971535275776, -0.08702825240322307, 0.0, 0.0, 0.0, 1.0], "fov": 50.0, "aspect": 1.3333333333333333}, {"camera_to_world": [0.9994939499201363, -0.03180935139268171, 9.610942252537683e-05, 0.03756423206939114, -0.03180948156303765, -0.9994859792979991, 0.003991750168867545, -0.04849506890609044, -3.091496350076288e-05, -0.003992787334279648, -0.9999920283150103, -0.08386851958990409, 0.0, 0.0, 0.0, 1.0], "fov": 50.0, "aspect": 1.3333333333333333}, {"camera_to_world": [0.9994903588013471, -0.03192182240551076, 0.00014112925127036832, 0.037724752589544594, -0.031922101785482555, -0.9994732530096546, 0.005847729123075901, -0.04721573916467407, -4.56152586803502e-05, -0.005849254021720181, -0.999982891926976, -0.08073631033837737, 0.0, 0.0, 0.0, 1.0], "fov": 50.0, "aspect": 1.3333333333333333}, {"camera_to_world": [0.9994864523104999, -0.03204364966528567, 0.00019016808175770735, 0.0378717577750536, -0.032044154382992435, -0.999455550870786, 0.00785964397749176, -0.046027776688735936, -6.178713319742832e-05, -0.007861701450857388, -0.9999690944387472, -0.07763850553909096, 0.0, 0.0, 0.0, 1.0], "fov": 50.0, "aspect": 1.3333333333333333}, {"camera_to_world": [0.9994824098941363, -0.03216915042161645, 0.00024098415118366546, 0.03800254455898922, -0.03216995672562529, -0.9994330449980308, 0.009933904078253066, -0.04494945493137169, -7.871773055347539e-05, -0.009936514837504703, -0.9999506285194302, -0.07458198608249295, 0.0, 0.0, 0.0, 1.0], "fov": 50.0, "aspect": 1.3333333333333333}, {"camera_to_world": [0.9994784136000249, -0.03229266011609933, 0.00029129058305788635, 0.038114409874422606, -0.03229383221061043, -0.9994066548140129, 0.011976924255308283, -0.043999047345676966, -9.564899702023092e-05, -0.011980084143716983, -0.9999282316422409, -0.07157363285903137, 0.0, 0.0, 0.0, 1.0], "fov": 50.0, "aspect": 1.3333333333333333}, {"camera_to_world": [0.9994746481206963, -0.03240853297101964, 0.00033875459649618776, 0.03820465065442485, -0.03241011061306851, -0.9993780616596909, 0.013895128764011973, -0.04319482738474743, -0.00011177682666037452, -0.013898808005945758, -0.9999034006552612, -0.06862032675915429, 0.0, 0.0, 0.0, 1.0], "fov": 50.0, "aspect": 1.3333333333333333}, {"camera_to_world": [0.9994713005322771, -0.032511140395096054, 0.0003810020065598259, 0.03827056383206705, -0.03251312768502366, -0.999349635483804, 0.01559495388021517, -0.042555068501678714, -0.00012625551868056356, -0.015599096403287067, -0.999878318722306, -0.06572894867330978, 0.0, 0.0, 0.0, 1.0], "fov": 50.0, "aspect": 1.3333333333333333}, {"camera_to_world": [0.9994685597308548, -0.03259486713791082, 0.0004156269874197239, 0.038309446340420314, -0.032597223934061254, -0.9993242736294647, 0.016982848016020437, -0.042098044149566485, -0.0001382075374015004, -0.016987370932681913, -0.9998556946517192, -0.06290637949194591, 0.0, 0.0, 0.0, 1.0], "fov": 50.0, "aspect": 1.3333333333333333}, {"camera_to_world": [0.9994666155680306, -0.032654105143390344, 0.0004402070773334843, 0.03831859511255577, -0.032656742531663924, -0.9993051517398678, 0.017965268530689242, -0.04184202778150637, -0.00014673856731866694, -0.01797006186532392, -0.9998385146334126, -0.060159500105510744, 0.0, 0.0, 0.0, 1.0], "fov": 50.0, "aspect": 1.3333333333333333}, {"camera_to_world": [0.9994656576862598, -0.03268324508518125, 0.0004523234176854658, 0.038295307081544494, -0.0326860263338426, -0.9992953867976884, 0.018448674948646784, -0.04180529285059402, -0.00015095786020981653, -0.018453601696131167, -0.9998297063981266, -0.05749519140445233, 0.0, 0.0, 0.0, 1.0], "fov": 50.0, "aspect": 1.3333333333333333}, {"camera_to_world": [0.9994658740530508, -0.032676665613033756, 0.00044958623774222443, 0.038236879180457616, -0.03267941404321299, -0.9992976122948845, 0.018339519064978865, -0.0420061128099251, -0.00015000387809372678, -0.018344415666803, -0.9998317157965534, -0.05492033427921874, 0.0, 0.0, 0.0, 1.0], "fov": 50.0, "aspect": 1.3333333333333333}, {"camera_to_world": [0.999467449191096, -0.032628720399321486, 0.0004296656221404941, 0.03814060834236623, -0.032631235602076765, -0.9993134655036429, 0.017544233416759578, -0.04246276111259523, -0.00014307524490688497, -0.01754891074120806, -0.9998459957719847, -0.05244180962025804, 0.0, 0.0, 0.0, 1.0], "fov": 50.0, "aspect": 1.3333333333333333}, {"camera_to_world": [0.9994705620989631, -0.03253372314882732, 0.00039032762906465713, 0.03800379150034145, -0.03253580698047203, -0.9993429867919748, 0.01596922082710311, -0.043193511211700085, -0.00012946703063455528, -0.015973465740745606, -0.9998724076753581, -0.05006649831801829, 0.0, 0.0, 0.0, 1.0], "fov": 50.0, "aspect": 1.3333333333333333}, {"camera_to_world": [0.999475383854133, -0.03238593082326485, 0.00032947586284504094, 0.037823725587454386, -0.032387424611711374, -0.9993839309115542, 0.013520849188945399, -0.04421663656033529, -0.00010861240355442925, -0.013524426807824317, -0.9999085348584966, -0.04780128126294756, 0.0, 0.0, 0.0, 1.0], "fov": 50.0, "aspect": 1.3333333333333333}, {"camera_to_world": [0.999482074886989, -0.03217952543503458, 0.00024519864408206835, 0.03759770753677613, -0.03218035983065745, -0.9994309902004301, 0.01010545734522033, -0.0455504106115965, -8.012969802243019e-05, -0.01010811405567933, -0.9999489084995632, -0.045653039345493904, 0.0, 0.0, 0.0, 1.0], "fov": 50.0, "aspect": 1.3333333333333333}, {"camera_to_world": [0.9994907819109546, -0.03190859488324953, 0.0001358219617629102, 0.03732303428137781, -0.031908853787263214, -0.9994749297168767, 0.005629379843936975, -0.047213106818579376, -4.387495519712241e-05, -0.005630847185009326, -0.999984145691804, -0.04362865345610539, 0.0, 0.0, 0.0, 1.0], "fov": 50.0, "aspect": 1.3333333333333333}, {"camera_to_world": [0.9995016344904466, -0.031567113439855965, -3.15671131595023e-08, 0.03699700275433052, -0.031567113439871744, -0.9995016344899471, -9.99501634819297e-07, -0.04922299863437956, 2.9061057204650723e-16, 1.000000000319836e-06, -0.9999999999995003, -0.04173500448523007, 0.0, 0.0, 0.0, 1.0], "fov": 50.0, "aspect": 1.3333333333333333}, {"camera_to_world": [0.9995141208648316, -0.031168862032570636, -0.00015566437407035333, 0.036617810911015, -0.031169212819253226, -0.9994926494882217, -0.006551625084129981, -0.05159226836106081, 4.862130066587327e-05, 0.00655329372220393, -0.9999785257581083, -0.03997667969316667, 0.0, 0.0, 0.0, 1.0], "fov": 50.0, "aspect": 1.3333333333333333}, {"camera_to_world": [0.9995276231692284, -0.03073151663730473, -0.0003231204790804572, 0.03618726079605051, -0.030733056219859792, -0.9994333795204371, -0.01372585719529175, -0.05430873369655935, 9.887901635873328e-05, 0.013729303898219582, -0.9999057437765878, -0.038349091819616474, 0.0, 0.0, 0.0, 1.0], "fov": 50.0, "aspect": 1.3333333333333333}, {"camera_to_world": [0.9995420933628564, -0.030254785094757278, -0.0005015721973094631, 0.03570805547636594, -0.030258570847169278, -0.9993103474883863, -0.021523203593512744, -0.05735412118777953, 0.00014995361248860254, 0.021528524833601938, -0.9997682232059606, -0.03684535997413142, 0.0, 0.0, 0.0, 1.0], "fov": 50.0, "aspect": 1.3333333333333333}, {"camera_to_world": [0.9995574788976298, -0.029738361083405766, -0.0006901158507146984, 0.03518289801889019, -0.02974568872295722, -0.9991089099608328, -0.02994294640266924, -0.06071015738162575, 0.00020095325666938851, 0.029950223988297057, -0.9995513712165269, -0.03545860326626345, 0.0, 0.0, 0.0, 1.0], "fov": 50.0, "aspect": 1.3333333333333333}, {"camera_to_world": [0.9995737226440295, -0.029181926981850334, -0.0008877709065699554, 0.03461449149055215, -0.029194349485309447, -0.9988132609151698, -0.03898409647710597, -0.06435856882500232, 0.00025091370271156164, 0.038993396333644105, -0.9992394368141616, -0.034181940805564484, 0.0, 0.0, 0.0, 1.0], "fov": 50.0, "aspect": 1.3333333333333333}, {"camera_to_world": [0.9995907628144317, -0.02858515697890918, -0.001093479105211685, 0.03400553895828072, -0.028604503416151988, -0.9984064367152123, -0.048645344175448385, -0.06828108206481359, 0.0002987982224913201, 0.04865671511850754, -0.9988155158954523, -0.03300849170158647, 0.0, 0.0, 0.0, 1.0], "fov": 50.0, "aspect": 1.3333333333333333}, {"camera_to_world": [0.9996085328847037, -0.0279477204347752, -0.0013061035907567069, 0.03335874348900478, -0.027976114696105555, -0.9978703225403746, -0.058925006573432526, -0.07245942364796393, 0.00034349759895204666, 0.05893847907495042, -0.9982615577561479, -0.03193137506388135, 0.0, 0.0, 0.0, 1.0], "fov": 50.0, "aspect": 1.3333333333333333}, {"camera_to_world": [0.9996269615149477, -0.027269285496402087, -0.0015244280596670508, 0.03267680814965324, -0.027309164886081535, -0.9971856604967307, -0.06982097115426045, -0.07687532012135768, 0.0003838301944827455, 0.06983655610219461, -0.9975583732825699, -0.03094371000200106, 0.0, 0.0, 0.0, 1.0], "fov": 50.0, "aspect": 1.3333333333333333}, {"camera_to_world": [0.9996459724703403, -0.026549522970066578, -0.001747155943176545, 0.031962436007154975, -0.026603656634570188, -0.9963320596555681, -0.08133063602458439, -0.0815104980318992, 0.00041854210990027415, 0.08134832347722627, -0.9966856450706747, -0.030038615625497516, 0.0, 0.0, 0.0, 1.0], "fov": 50.0, "aspect": 1.3333333333333333}, {"camera_to_world": [0.9996654845430921, -0.025788110453739545, -0.0019729096407439272, 0.031218330128438887, -0.025859617609018833, -0.9952880082796832, -0.09345084671514399, -0.08634668392649286, 0.0004463074502338081, 0.09347060465134342, -0.9956219397320315, -0.029209211043922673, 0.0, 0.0, 0.0, 1.0], "fov": 50.0, "aspect": 1.3333333333333333}, {"camera_to_world": [0.9996854114766232, -0.024984736731480914, -0.002200229822859245, 0.03044719358043387, -0.025077104649048523, -0.9940308885119591, -0.1061778296375799, -0.09136560435204298, 0.0004657287144676802, 0.10619960270445866, -0.9943447226601954, -0.028448615366828467, 0.0, 0.0, 0.0, 1.0], "fov": 50.0, "aspect": 1.3333333333333333}, {"camera_to_world": [0.9997056618931224, -0.02413910643156204, -0.0024275748226944174, 0.029651729430068812, -0.024256208138521983, -0.9925369938145528, -0.11950712228278096, -0.09654898585545395, 0.0004753373273367361, 0.11953083054282096, -0.9928303755446694, -0.02774994770376683, 0.0, 0.0, 0.0, 1.0], "fov": 50.0, "aspect": 1.3333333333333333}, {"camera_to_world": [0.9997261392257432, -0.023250944949384667, -0.002653320137258397, 0.028834640744272617, -0.023397056592627665, -0.9907815494601736, -0.13343350026173992, -0.10187855498363005, 0.00047359433218266433, 0.13345903794145622, -0.9910542169327319, -0.0271063271642897, 0.0, 0.0, 0.0, 1.0], "fov": 50.0, "aspect": 1.3333333333333333}, {"camera_to_world": [0.9997467416567514, -0.022320003635523215, -0.002875758059880826, 0.027998630589974167, -0.02249982145519966, -0.9887387363894095, -0.14795090130701816, -0.10733603828347574, 0.000458891264763355, 0.1479781355497667, -0.9889905261518045, -0.02651087285794902, 0.0, 0.0, 0.0, 1.0], "fov": 50.0, "aspect": 1.3333333333333333}, {"camera_to_world": [0.9997673620630317, -0.021346065248343944, -0.0030930974670045712, 0.027146402034102356, -0.021564722100431134, -0.9863817187597095, -0.16305234637186905, -0.11290316230189527, 0.00042955122875422067, 0.16308111599769676, -0.9866125709166121, -0.02595670389429671, 0.0, 0.0, 0.0, 1.0], "fov": 50.0, "aspect": 1.3333333333333333}, {"camera_to_world": [0.9997878879704237, -0.020328949669653144, -0.0033034637834077857, 0.02628065814358608, -0.02059203103196431, -0.9836826755223095, -0.17872985798475058, -0.11856165358579304, 0.000383830194482627, 0.17875997226056847, -0.9838926389559901, -0.025436939382884716, 0.0, 0.0, 0.0, 1.0], "fov": 50.0, "aspect": 1.3333333333333333}, {"camera_to_world": [0.9998082015184453, -0.019268519880690796, -0.0035048991510929594, 0.025404101985354234, -0.019582079271048672, -0.9806128363729791, -0.19497437603942683, -0.12429323868207343, 0.00031991854318646606, 0.1950056134631741, -0.9808020740037091, -0.024944698433264984, 0.0, 0.0, 0.0, 1.0], "fov": 50.0, "aspect": 1.3333333333333333}, {"camera_to_world": [0.9998281794370295, -0.01816468819450144, -0.0036953628281675274, 0.024519436626335708, -0.01853526192403942, -0.9771425224308321, -0.21177567122527982, -0.13007964413764073, 0.0002359428797757072, 0.21180777832815087, -0.9773113165059791, -0.024473100154989443, 0.0, 0.0, 0.0, 1.0], "fov": 50.0, "aspect": 1.3333333333333333}, {"camera_to_world": [0.9998476930369787, -0.017017422739287632, -0.0038727318450851008, 0.023629365133459396, -0.017452043917969746, -0.9732411920063556, -0.22912225632865388, -0.13590259649939934, 0.00012996813769252714, 0.2291549464998748, -0.9733899494051306, -0.024015263657610024, 0.0, 0.0, 0.0, 1.0], "fov": 50.0, "aspect": 1.3333333333333333}]}