{"default_fov": 50.0, "default_transition_sec": 2.0, "keyframes": [{"matrix": [0.983150111146008, 0.05025877541819272, 0.17575526861819973, 0.08027606170836733, 0.016148140933723548, -0.9815812555358707, 0.19036143602370917, 0.08599514077335153, 0.18208540989869693, -0.18431574613713228, -0.9658533062675388, -0.33177888245300513, 0.0, 0.0, 0.0, 1.0], "fov": 50.0, "aspect": 1.3333333333333333, "override_transition_enabled": false, "override_transition_sec": null}, {"matrix": [0.9986936146523842, 0.004021240068545577, -0.050940098948336406, -0.0865862741708821, 0.016403208013649556, -0.9693674574542616, 0.24506665867784103, 0.07071642388433338, -0.048394202332677445, -0.2455820882250406, -0.968167051248705, -0.16954563110365364, 0.0, 0.0, 0.0, 1.0], "fov": 50.0, "aspect": 1.3333333333333333, "override_transition_enabled": false, "override_transition_sec": null}, {"matrix": [0.9699069455520192, 0.05264899523109616, 0.23771537659795716, 0.13696081033483126, 0.015930686611050068, -0.9879710955345676, 0.15381588868620336, 0.02908563451102174, 0.2429541730328028, -0.1454001296057951, -0.9590787622070278, -0.16351565852711378, 0.0, 0.0, 0.0, 1.0], "fov": 50.0, "aspect": 1.3333333333333333, "override_transition_enabled": false, "override_transition_sec": null}], "render_height": 960.0, "render_width": 1280.0, "fps": 10.0, "seconds": 6.0, "is_cycle": true, "smoothness_value": 0.0, "camera_path": [{"camera_to_world": [0.983150111146008, 0.05025877541819272, 0.17575526861819973, 0.08027606170836733, 0.016148140933723548, -0.9815812555358707, 0.19036143602370917, 0.08599514077335153, 0.18208540989869693, -0.18431574613713228, -0.9658533062675388, -0.33177888245300513, 0.0, 0.0, 0.0, 1.0], "fov": 50.0, "aspect": 1.3333333333333333}, {"camera_to_world": [0.9846439394863942, 0.04900123016592364, 0.16755653336990545, 0.07395521554008869, 0.016005556032939752, -0.9810955457650793, 0.1928609661284456, 0.086891244799828, 0.1738393931443345, -0.18721754597832757, -0.9668140751297852, -0.33093855521539256, 0.0, 0.0, 0.0, 1.0], "fov": 50.0, "aspect": 1.3333333333333333}, {"camera_to_world": [0.9863817296145158, 0.04737323157480093, 0.15750193780660815, 0.06629517801244786, 0.015834205265962895, -0.9805246623166298, 0.195756646202507, 0.08750947644825863, 0.16370815931489713, -0.1905968612517489, -0.9679217298184337, -0.3282377498122397, 0.0, 0.0, 0.0, 1.0], "fov": 50.0, "aspect": 1.3333333333333333}, {"camera_to_world": [0.9882657463755022, 0.04540384203195995, 0.1458400002386464, 0.057483669253309014, 0.015653628215675005, -0.9798771341520806, 0.19898684853424656, 0.08786702427514353, 0.15194004891587004, -0.19436896124289646, -0.9690897422018255, -0.32385897865131463, 0.0, 0.0, 0.0, 1.0], "fov": 50.0, "aspect": 1.3333333333333333}, {"camera_to_world": [0.9902014759753642, 0.04312381900046741, 0.13282083123902386, 0.04770840939053631, 0.015482053437669696, -0.9791619989383193, 0.20248971790307566, 0.08798107683698286, 0.13878524056095978, -0.19844927833058237, -0.9702353018379134, -0.3179847541403854, 0.0, 0.0, 0.0, 1.0], "fov": 50.0, "aspect": 1.3333333333333333}, {"camera_to_world": [0.9921015377093929, 0.04056668424637718, 0.11869660064177354, 0.037157118551993884, 0.015335515588787046, -0.978389029154562, 0.20620312701707488, 0.08786882269027677, 0.12449642901016883, -0.20275416582464734, -0.9712833713208868, -0.31079758868721996, 0.0, 0.0, 0.0, 1.0], "fov": 50.0, "aspect": 1.3333333333333333}, {"camera_to_world": [0.9938889624868481, 0.03776955820691233, 0.10372169840332972, 0.026017516865545896, 0.01522713210749174, -0.9775689019561157, 0.21006469569181574, 0.08754745039152541, 0.10932915756831581, -0.20720159845225328, -0.9721700637770293, -0.3024799946995865, 0.0, 0.0, 0.0, 1.0], "fov": 50.0, "aspect": 1.3333333333333333}, {"camera_to_world": [0.9954998257648469, 0.034773759850564134, 0.08815260930916849, 0.014477324459056529, 0.015166541836413467, -0.9767133136216576, 0.21401186650026052, 0.0870341484972289, 0.09354182439360442, -0.2117118055755425, -0.9728453312161492, -0.2932144845852528, 0.0, 0.0, 0.0, 1.0], "fov": 50.0, "aspect": 1.3333333333333333}, {"camera_to_world": [0.9968852193787214, 0.031625176737404184, 0.07224754376839577, 0.0027242614603898985, 0.015159508297392158, -0.9758350404831372, 0.21798202465674704, 0.08634610556388742, 0.07739540485338657, -0.21620782123133597, -0.973274950538633, -0.2831835707519871, 0.0, 0.0, 0.0, 1.0], "fov": 50.0, "aspect": 1.3333333333333333}, {"camera_to_world": [0.9980125464658649, 0.028374413991714517, 0.05626588422256173, -0.00905395200258981, 0.015207690050307676, -0.9749479491886668, 0.22191264618346437, 0.08550051014800106, 0.06115294972487998, -0.22061593098287455, -0.9734417947347991, -0.27256976560755725, 0.0, 0.0, 0.0, 1.0], "fov": 50.0, "aspect": 1.3333333333333333}, {"camera_to_world": [0.9988661258203266, 0.0250767343868852, 0.0404675188414259, -0.020669595802018464, 0.015308579809883498, -0.9740669599363547, 0.22574145597242745, 0.08451455080607004, 0.045078931585564204, -0.22486599332232649, -0.9733463797509427, -0.26155558155973135, 0.0, 0.0, 0.0, 1.0], "fov": 50.0, "aspect": 1.3333333333333333}, {"camera_to_world": [0.9994470959630245, 0.02179180450216728, 0.02511214104006786, -0.031934949810031886, 0.01545561292764135, -0.9732079668890714, 0.229406576219319, 0.08340541609459445, 0.029438518986319, -0.22889161286551898, -0.973006681970742, -0.2503235310162774, 0.0, 0.0, 0.0, 1.0], "fov": 50.0, "aspect": 1.3333333333333333}, {"camera_to_world": [0.9997726141999669, 0.018583263707180164, 0.010458594826911485, -0.042662293898765975, 0.015638444665865697, -0.9723877202812977, 0.2328466458735719, 0.08219029457007446, 0.014496859804687217, -0.23263014369623153, -0.9724572264627751, -0.2390561263849634, 0.0, 0.0, 0.0, 1.0], "fov": 50.0, "aspect": 1.3333333333333333}, {"camera_to_world": [0.9998743511339541, 0.015518133330493174, -0.0032356579533761136, -0.052663907940356455, 0.015843394602854725, -0.971623674707008, 0.23600089321082857, 0.0808863747890102, 0.0005184514562068634, -0.23602250377196604, -0.9717474512039124, -0.22793588007355753, 0.0, 0.0, 0.0, 1.0], "fov": 50.0, "aspect": 1.3333333333333333}, {"camera_to_world": [0.9997962856723075, 0.012666082565561976, -0.015714881746298443, -0.06175207180693928, 0.01605405571004363, -0.9709338076865928, 0.23880914636268485, 0.07951084530790184, -0.012233333606036931, -0.23901278510501855, -0.9709393565538615, -0.21714530448982758, 0.0, 0.0, 0.0, 1.0], "fov": 50.0, "aspect": 1.3333333333333333}, {"camera_to_world": [0.9995918088061095, 0.010098565297441048, -0.02672517065732984, -0.06973906537065026, 0.016252065298910417, -0.9703364118176949, 0.24121177059646554, 0.0780808946832495, -0.02349651338496919, -0.2415476492944928, -0.970104451581919, -0.2068669120415417, 0.0, 0.0, 0.0, 1.0], "fov": 50.0, "aspect": 1.3333333333333333}, {"camera_to_world": [0.9993201457701388, 0.007887837993423063, -0.03601427869245846, -0.07643716850362522, 0.01641803526837597, -0.9698498626003822, 0.24314952628361378, 0.07661371147155335, -0.033010519170030006, -0.24357550374741901, -0.9693200088713303, -0.19728321513646788, 0.0, 0.0, 0.0, 1.0], "fov": 50.0, "aspect": 1.3333333333333333}, {"camera_to_world": [0.999042105322619, 0.00610586305878178, -0.043331169253282904, -0.0816586610780001, 0.016532639945558262, -0.9694923623895152, 0.2445633477952654, 0.07512648422931349, -0.04051596733363005, -0.24504546048581438, -0.9686646368513283, -0.18857672618237406, 0.0, 0.0, 0.0, 1.0], "fov": 50.0, "aspect": 1.3333333333333333}, {"camera_to_world": [0.9988151618309887, 0.004823094666555356, -0.04842530592957967, -0.0852158229659106, 0.016577861275249614, -0.969281658883568, 0.24539405100258097, 0.07363640151303012, -0.045754202124772304, -0.24590608676841688, -0.9682131735718996, -0.18092995758702854, 0.0, 0.0, 0.0, 1.0], "fov": 50.0, "aspect": 1.3333333333333333}, {"camera_to_world": [0.9986878710331667, 0.004107135172126333, -0.051045741173174765, -0.08692093403949266, 0.016538393047610473, -0.9692347341479538, 0.24558198565152867, 0.07216065187920336, -0.04846666696445729, -0.24610396494535142, -0.9680308985933936, -0.17452542175819896, 0.0, 0.0, 0.0, 1.0], "fov": 50.0, "aspect": 1.3333333333333333}, {"camera_to_world": [0.9986936146523842, 0.004021240068545577, -0.050940098948336406, -0.0865862741708821, 0.016403208013649556, -0.9693674574542616, 0.24506665867784103, 0.07071642388433338, -0.048394202332677445, -0.2455820882250406, -0.968167051248705, -0.16954563110365364, 0.0, 0.0, 0.0, 1.0], "fov": 50.0, "aspect": 1.3333333333333333}, {"camera_to_world": [0.9988501304427125, 0.00463784647623237, -0.04771694976252164, -0.08388475719118772, 0.0161436456561649, -0.9697213336891228, 0.2436799493046496, 0.06911243645002736, -0.04514199396907831, -0.24417007467798202, -0.9686811523985815, -0.16551282282666846, 0.0, 0.0, 0.0, 1.0], "fov": 50.0, "aspect": 1.3333333333333333}, {"camera_to_world": [0.9991263925523391, 0.005933461957032178, -0.041367206027886926, -0.07878210399680698, 0.015755419402363934, -0.9703078531488213, 0.2413595593242176, 0.06717717255225572, -0.03870682710846766, -0.24180046349610118, -0.9695536691634277, -0.16183208167143986, 0.0, 0.0, 0.0, 1.0], "fov": 50.0, "aspect": 1.3333333333333333}, {"camera_to_world": [0.9994505755315498, 0.007818372836463094, -0.032209006750347505, -0.0715298050578088, 0.015273029819900374, -0.9710955235188118, 0.23820205448703524, 0.06495746682906346, -0.029415669799858525, -0.23856310957043236, -0.9706813901184626, -0.15851019135711641, 0.0, 0.0, 0.0, 1.0], "fov": 50.0, "aspect": 1.3333333333333333}, {"camera_to_world": [0.9997365969767584, 0.010198723587355638, -0.02056022136357749, -0.062379350844262174, 0.014734903487928297, -0.9720517919889178, 0.23430364126563547, 0.06250015391849556, -0.01759600194737518, -0.2345448778556523, -0.9719460278159202, -0.15555393560284683, 0.0, 0.0, 0.0, 1.0], "fov": 50.0, "aspect": 1.3333333333333333}, {"camera_to_world": [0.99989305090823, 0.012979124542926535, -0.006740109163146301, -0.051582231826236044, 0.014180684889651008, -0.9731437728031025, 0.22976097499489345, 0.05985206845859701, -0.0035769989505660023, -0.22983198163145796, -0.9732237488357263, -0.15297009812777962, 0.0, 0.0, 0.0, 1.0], "fov": 50.0, "aspect": 1.3333333333333333}, {"camera_to_world": [0.9998310766105342, 0.016064980070120836, 0.008929426586667885, -0.03938993847379925, 0.013648850328704715, -0.9743389006430809, 0.22467179524439024, 0.05706004508741275, 0.012309635596746485, -0.22451196651621763, -0.9743935805220066, -0.15076546265106344, 0.0, 0.0, 0.0, 1.0], "fov": 50.0, "aspect": 1.3333333333333333}, {"camera_to_world": [0.9994711587823905, 0.01936455957146188, 0.026123104616199662, -0.026053961257020763, 0.013174642613432179, -0.9756055168651923, 0.21913535601132328, 0.05417091844298777, 0.029729304636905735, -0.2186753056355572, -0.9753446976074672, -0.14894681289184689, 0.0, 0.0, 0.0, 1.0], "fov": 50.0, "aspect": 1.3333333333333333}, {"camera_to_world": [0.9987488434186733, 0.02279081513062572, 0.044512094036835065, -0.01182579064596958, 0.012788331090438278, -0.976913389253071, 0.21325264004461952, 0.051231523163367064, 0.04834466214365073, -0.21241659220447062, -0.9759825741264323, -0.14752093256927856, 0.0, 0.0, 0.0, 1.0], "fov": 50.0, "aspect": 1.3333333333333333}, {"camera_to_world": [0.9976193469610916, 0.026262934730893608, 0.06376438526517816, 0.003043082889285509, 0.012513805588602777, -0.9782341608469262, 0.20712636534686163, 0.04828869388659558, 0.0678162461259535, -0.20583533421507533, -0.9762339739785504, -0.14649460540250708, 0.0, 0.0, 0.0, 1.0], "fov": 50.0, "aspect": 1.3333333333333333}, {"camera_to_world": [0.9960610349747153, 0.029707609093516524, 0.08354563164550098, 0.01830116887867551, 0.012367514660123103, -0.9795417196533831, 0.2008608076246456, 0.045389265250718305, 0.08780352604668311, -0.1990363721042967, -0.9760507483698425, -0.14587461511068103, 0.0, 0.0, 0.0, 1.0], "fov": 50.0, "aspect": 1.3333333333333333}, {"camera_to_world": [0.9940777509430652, 0.03305998334147988, 0.10352034863464409, 0.03369697685213154, 0.012357758199920585, -0.9808124786338112, 0.1945614750367417, 0.04258007189378021, 0.10796624885698992, -0.19212995408749112, -0.9754124101374196, -0.14566774541294905, 0.0, 0.0, 0.0, 1.0], "fov": 50.0, "aspect": 1.3333333333333333}, {"camera_to_world": [0.9916999848652179, 0.03626426166752915, 0.12335332725158041, 0.048979016339584534, 0.012484342376428903, -0.9820255542454122, 0.18833468083287208, 0.03990794845382628, 0.12796593770904277, -0.18523151496087448, -0.9743274627411183, -0.14588078002845972, 0.0, 0.0, 0.0, 1.0], "fov": 50.0, "aspect": 1.3333333333333333}, {"camera_to_world": [0.9889848836603506, 0.0392739335263606, 0.14271109990708422, 0.06389579687096567, 0.01273860130666851, -0.9831628318350497, 0.1822870651879522, 0.037419729568901494, 0.1474673791998505, -0.1784612121539412, -0.9728334738425044, -0.14652050267636166, 0.0, 0.0, 0.0, 1.0], "fov": 50.0, "aspect": 1.3333333333333333}, {"camera_to_world": [0.9860151189643905, 0.042051592959461245, 0.16126329000491868, 0.07819582797620599, 0.013103785687076678, -0.9842089071764615, 0.17652511955861538, 0.035162249877050814, 0.16613992889822088, -0.17194327717037405, -0.9709958977573524, -0.14759369707580347, 0.0, 0.0, 0.0, 1.0], "fov": 50.0, "aspect": 1.3333333333333333}, {"camera_to_world": [0.9828966405387283, 0.04456832776359684, 0.17868368190195366, 0.09162761918523663, 0.013555814349986614, -0.9851508951782554, 0.1711547651302479, 0.03318234401631922, 0.18365847085008263, -0.16580524083948078, -0.9689056652714808, -0.14910714694593377, 0.0, 0.0, 0.0, 1.0], "fov": 50.0, "aspect": 1.3333333333333333}, {"camera_to_world": [0.9797553529988732, 0.046802661554004754, 0.1946508647335398, 0.1039396800279885, 0.014064381154873334, -0.9859780990405206, 0.1662810313751142, 0.0315268466247517, 0.19970388442086942, -0.16017708663820354, -0.9666755709457612, -0.15106763600590115, 0.0, 0.0, 0.0, 1.0], "fov": 50.0, "aspect": 1.3333333333333333}, {"camera_to_world": [0.9767327579261217, 0.048739038611935084, 0.2088483318324958, 0.11488052003439297, 0.014594407373161613, -0.9866815356808267, 0.16200787147528073, 0.03024259234039319, 0.213962900680137, -0.15519037747782294, -0.9644354949247939, -0.15348194797485423, 0.0, 0.0, 0.0, 1.0], "fov": 50.0, "aspect": 1.3333333333333333}, {"camera_to_world": [0.9739806010888935, 0.05036584812860804, 0.22096395643815717, 0.1241986487343808, 0.015107829274994426, -0.9872533159030505, 0.15843813850531122, 0.029376415801288726, 0.22612726991036583, -0.15097738764701338, -0.9623264966850736, -0.15635686657194164, 0.0, 0.0, 0.0, 1.0], "fov": 50.0, "aspect": 1.3333333333333333}, {"camera_to_world": [0.9716545545324982, 0.051672990663728366, 0.2306888135391893, 0.13164257565788326, 0.015565712260098927, -0.9876858804291001, 0.1556737299701834, 0.028975151645483227, 0.23589221110093572, -0.14767025305341633, -0.9604938110706659, -0.15969917551631196, 0.0, 0.0, 0.0, 1.0], "fov": 50.0, "aspect": 1.3333333333333333}, {"camera_to_world": [0.9699069455520192, 0.05264899523109616, 0.23771537659795716, 0.13696081033483126, 0.015930686611050068, -0.9879710955345676, 0.15381588868620336, 0.02908563451102174, 0.2429541730328028, -0.1454001296057951, -0.9590787622070278, -0.16351565852711378, 0.0, 0.0, 0.0, 1.0], "fov": 50.0, "aspect": 1.3333333333333333}, {"camera_to_world": [0.9686465160877314, 0.05340381790317028, 0.24263544486423483, 0.1405801395234155, 0.016219421050644722, -0.9881338767089137, 0.15273628279160023, 0.029793517918851292, 0.24791300339409794, -0.1440120617642106, -0.9580186161106368, -0.16838879404171156, 0.0, 0.0, 0.0, 1.0], "fov": 50.0, "aspect": 1.3333333333333333}, {"camera_to_world": [0.9676860076453336, 0.05406247171631176, 0.24629461983437329, 0.14313752385667558, 0.016468425242714288, -0.9882107458930526, 0.15221140782320364, 0.03111055016819229, 0.2516199149063138, -0.14323676502008648, -0.9571680351793617, -0.17477034060009297, 0.0, 0.0, 0.0, 1.0], "fov": 50.0, "aspect": 1.3333333333333333}, {"camera_to_world": [0.9670219578011949, 0.05463095801398852, 0.24876493232933336, 0.1446967336768163, 0.016674811654128714, -0.9882091168592865, 0.15219951383788388, 0.03297270806449965, 0.2541465793329576, -0.14303216345515685, -0.9565308758376249, -0.18247100207534148, 0.0, 0.0, 0.0, 1.0], "fov": 50.0, "aspect": 1.3333333333333333}, {"camera_to_world": [0.9666456849842561, 0.05511281152965325, 0.2501173678627999, 0.1453215393260424, 0.016837899250036415, -0.9881354893403064, 0.15265890034662222, 0.0353159684132282, 0.25556330888874457, -0.14335561625374582, -0.9561048909185361, -0.19130148234054029, 0.0, 0.0, 0.0, 1.0], "fov": 50.0, "aspect": 1.3333333333333333}, {"camera_to_world": [0.9665441106360245, 0.05550955388433194, 0.25042198709853475, 0.14507571114655865, 0.016958789305456183, -0.9879956625559059, 0.1535479411649969, 0.03807630801983287, 0.25593921477591003, -0.1441640045166568, -0.9558827638061121, -0.20107248526877292, 0.0, 0.0, 0.0, 1.0], "fov": 50.0, "aspect": 1.3333333333333333}, {"camera_to_world": [0.966700524208822, 0.05582111910407454, 0.24974807137665256, 0.14402301948056986, 0.017039972052513785, -0.9877949329424665, 0.15482509423745947, 0.04118970368976851, 0.25534238944373955, -0.14541379960360493, -0.9558530697957739, -0.2115947147331227, 0.0, 0.0, 0.0, 1.0], "fov": 50.0, "aspect": 1.3333333333333333}, {"camera_to_world": [0.9670952937131652, 0.05604625031205887, 0.2481642816841393, 0.14222723467028078, 0.01708496379113227, -0.9875382753033923, 0.15644890163583253, 0.04459213222848997, 0.2538401010283885, -0.14706111871178168, -0.956001166564737, -0.22267887460667288, 0.0, 0.0, 0.0, 1.0], "fov": 50.0, "aspect": 1.3333333333333333}, {"camera_to_world": [0.9677065242773805, 0.05618286691033162, 0.24573882138711325, 0.13975212705789614, 0.01709797407571479, -0.9872305067645142, 0.15837798393712077, 0.0482195704414522, 0.2514989903627801, -0.14906177236037638, -0.9563100155636172, -0.234135668762507, 0.0, 0.0, 0.0, 1.0], "fov": 50.0, "aspect": 1.3333333333333333}, {"camera_to_world": [0.9685106668420713, 0.056228401668776615, 0.24253959482711454, 0.13666146698562082, 0.017083602621672828, -0.9868764330537262, 0.16057103227113723, 0.052007995134109995, 0.2483852627161904, -0.15137130748239092, -0.9567609359377504, -0.24577580107370828, 0.0, 0.0, 0.0, 1.0], "fov": 50.0, "aspect": 1.3333333333333333}, {"camera_to_world": [0.9694830787179949, 0.056180107203964644, 0.238634355519127, 0.13301902479565947, 0.017046565635292558, -0.9864809767373337, 0.16298680049439024, 0.05589338311191829, 0.24456486804019853, -0.1539450489295045, -0.9573342923088952, -0.2574099754133602, 0.0, 0.0, 0.0, 1.0], "fov": 50.0, "aspect": 1.3333333333333333}, {"camera_to_world": [0.970598537320576, 0.056035331374212544, 0.23409083918201662, 0.12888857083021696, 0.016991451343739902, -0.9860492871433001, 0.16558409919259645, 0.05981171118033194, 0.24010366497076197, -0.15673814137590278, -0.9580101174338589, -0.26884889565454606, 0.0, 0.0, 0.0, 1.0], "fov": 50.0, "aspect": 1.3333333333333333}, {"camera_to_world": [0.9718317079836004, 0.055791761152398145, 0.22897687818902515, 0.12433387543149796, 0.016922504577717476, -0.9855868317885375, 0.16832179253991897, 0.06369895614480589, 0.23506756517328167, -0.1597055928655855, -0.9587686704367003, -0.2799032656703494, 0.0, 0.0, 0.0, 1.0], "fov": 50.0, "aspect": 1.3333333333333333}, {"camera_to_world": [0.9731575663688794, 0.055447634574184904, 0.22336049525179646, 0.11941870894170736, 0.016843440329010213, -0.9850994692069758, 0.17115879844757553, 0.06749109481079492, 0.22952265582482967, -0.16280232058623234, -0.9595909310090703, -0.29038378933385334, 0.0, 0.0, 0.0, 1.0], "fov": 50.0, "aspect": 1.3333333333333333}, {"camera_to_world": [0.9745517756430033, 0.055001920403011405, 0.21730997524975726, 0.11420684170304982, 0.016757286263239045, -0.9845935031493029, 0.1740540919176449, 0.07112410398375398, 0.22353529910991948, -0.1659831988731538, -0.9604590297059393, -0.30010117051814156, 0.0, 0.0, 0.0, 1.0], "fov": 50.0, "aspect": 1.3333333333333333}, {"camera_to_world": [0.9759910182973086, 0.05445446520847798, 0.2108939150896517, 0.1087620440577302, 0.016666254211261552, -0.9840757181946341, 0.17696671107946066, 0.07453396046913789, 0.21717220856626238, -0.16920310895067608, -0.961356614242539, -0.308866113096297, 0.0, 0.0, 0.0, 1.0], "fov": 50.0, "aspect": 1.3333333333333333}, {"camera_to_world": [0.9774532822493556, 0.053806107623232076, 0.20418125232841236, 0.10314808634795325, 0.016571640689513882, -0.9835533968788236, 0.17985576502571496, 0.07765664107240154, 0.2105005029562145, -0.17241698950673254, -0.9622691515291427, -0.3164893209414035, 0.0, 0.0, 0.0, 1.0], "fov": 50.0, "aspect": 1.3333333333333333}, {"camera_to_world": [0.9789181006864304, 0.053058759624838324, 0.19724127401622962, 0.09742873891592367, 0.016473756510664468, -0.983034318502472, 0.18268044228326263, 0.08042812259899987, 0.20358773905837033, -0.17557988687049192, -0.963184165064837, -0.3227814979265441, 0.0, 0.0, 0.0, 1.0], "fov": 50.0, "aspect": 1.3333333333333333}, {"camera_to_world": [0.9803667449935538, 0.05221545478142547, 0.19014360781449668, 0.09166777210384636, 0.016371885543158222, -0.9825267398323339, 0.1854000185496421, 0.08278438185438775, 0.19650192537098954, -0.17864700332335504, -0.9640914072478188, -0.32755334792480234, 0.0, 0.0, 0.0, 1.0], "fov": 50.0, "aspect": 1.3333333333333333}, {"camera_to_world": [0.9817823700471838, 0.051280363499825274, 0.18295819791378679, 0.08592895625392596, 0.016264272664634316, -0.9820393579506783, 0.18797386220033352, 0.08466139564402, 0.1893115191931675, -0.18157374192086623, -0.9649829661427344, -0.33061557480926157, 0.0, 0.0, 0.0, 1.0], "fov": 50.0, "aspect": 1.3333333333333333}]}