{"default_fov": 50.0, "default_transition_sec": 2.0, "keyframes": [{"matrix": [0.999853939429524, 0.017086308449139873, 0.0003973296395104042, -0.02696549804925375, 0.017090927630224816, -0.9995837079649359, -0.02324458999011975, -0.021331849585129736, 1.2059038663470023e-15, 0.02324798560415953, -0.999729729059484, -0.408424482256033, 0.0, 0.0, 0.0, 1.0], "fov": 50.0, "aspect": 1.3333333333333333, "override_transition_enabled": false, "override_transition_sec": null}, {"matrix": [0.999853939429524, 0.017086308449140927, 0.0003973296395103319, -0.05444024003534907, 0.01709092763022587, -0.9995837079649359, -0.023244589990119604, -0.02265620952550608, 1.1115782773407634e-15, 0.023247985604159385, -0.999729729059484, -0.21417684366551581, 0.0, 0.0, 0.0, 1.0], "fov": 50.0, "aspect": 1.3333333333333333, "override_transition_enabled": false, "override_transition_sec": null}], "render_height": 960.0, "render_width": 1280.0, "fps": 10.0, "seconds": 2.0, "is_cycle": false, "smoothness_value": 0.0, "camera_path": [{"camera_to_world": [0.999853939429524, 0.017086308449140927, 0.0003973296395103319, -0.02696549804925375, 0.01709092763022587, -0.9995837079649359, -0.023244589990119604, -0.021331849585129736, 1.1115782773407634e-15, 0.023247985604159385, -0.999729729059484, -0.408424482256033, 0.0, 0.0, 0.0, 1.0], "fov": 50.0, "aspect": 1.3333333333333333}, {"camera_to_world": [0.999853939429524, 0.017086308449140927, 0.0003973296395103319, -0.028339235148558517, 0.01709092763022587, -0.9995837079649359, -0.023244589990119604, -0.02139806758214855, 1.1115782773407634e-15, 0.023247985604159385, -0.999729729059484, -0.39871210032650717, 0.0, 0.0, 0.0, 1.0], "fov": 50.0, "aspect": 1.3333333333333333}, {"camera_to_world": [0.999853939429524, 0.017086308449140927, 0.0003973296395103319, -0.029712972247863283, 0.01709092763022587, -0.9995837079649359, -0.023244589990119604, -0.02146428557916737, 1.1115782773407634e-15, 0.023247985604159385, -0.999729729059484, -0.3889997183969813, 0.0, 0.0, 0.0, 1.0], "fov": 50.0, "aspect": 1.3333333333333333}, {"camera_to_world": [0.999853939429524, 0.017086308449140927, 0.0003973296395103319, -0.031086709347168052, 0.01709092763022587, -0.9995837079649359, -0.023244589990119604, -0.02153050357618619, 1.1115782773407634e-15, 0.023247985604159385, -0.999729729059484, -0.37928733646745544, 0.0, 0.0, 0.0, 1.0], "fov": 50.0, "aspect": 1.3333333333333333}, {"camera_to_world": [0.999853939429524, 0.017086308449140927, 0.0003973296395103319, -0.032460446446472814, 0.01709092763022587, -0.9995837079649359, -0.023244589990119604, -0.021596721573205004, 1.1115782773407634e-15, 0.023247985604159385, -0.999729729059484, -0.36957495453792955, 0.0, 0.0, 0.0, 1.0], "fov": 50.0, "aspect": 1.3333333333333333}, {"camera_to_world": [0.999853939429524, 0.017086308449140927, 0.0003973296395103319, -0.03383418354577758, 0.01709092763022587, -0.9995837079649359, -0.023244589990119604, -0.021662939570223822, 1.1115782773407634e-15, 0.023247985604159385, -0.999729729059484, -0.3598625726084037, 0.0, 0.0, 0.0, 1.0], "fov": 50.0, "aspect": 1.3333333333333333}, {"camera_to_world": [0.999853939429524, 0.017086308449140927, 0.0003973296395103319, -0.035207920645082345, 0.01709092763022587, -0.9995837079649359, -0.023244589990119604, -0.02172915756724264, 1.1115782773407634e-15, 0.023247985604159385, -0.999729729059484, -0.35015019067887787, 0.0, 0.0, 0.0, 1.0], "fov": 50.0, "aspect": 1.3333333333333333}, {"camera_to_world": [0.999853939429524, 0.017086308449140927, 0.0003973296395103319, -0.03658165774438711, 0.01709092763022587, -0.9995837079649359, -0.023244589990119604, -0.021795375564261456, 1.1115782773407634e-15, 0.023247985604159385, -0.999729729059484, -0.340437808749352, 0.0, 0.0, 0.0, 1.0], "fov": 50.0, "aspect": 1.3333333333333333}, {"camera_to_world": [0.999853939429524, 0.017086308449140927, 0.0003973296395103319, -0.037955394843691884, 0.01709092763022587, -0.9995837079649359, -0.023244589990119604, -0.021861593561280274, 1.1115782773407634e-15, 0.023247985604159385, -0.999729729059484, -0.33072542681982614, 0.0, 0.0, 0.0, 1.0], "fov": 50.0, "aspect": 1.3333333333333333}, {"camera_to_world": [0.999853939429524, 0.017086308449140927, 0.0003973296395103319, -0.03932913194299665, 0.01709092763022587, -0.9995837079649359, -0.023244589990119604, -0.02192781155829909, 1.1115782773407634e-15, 0.023247985604159385, -0.999729729059484, -0.32101304489030025, 0.0, 0.0, 0.0, 1.0], "fov": 50.0, "aspect": 1.3333333333333333}, {"camera_to_world": [0.999853939429524, 0.017086308449140927, 0.0003973296395103319, -0.040702869042301415, 0.01709092763022587, -0.9995837079649359, -0.023244589990119604, -0.021994029555317908, 1.1115782773407634e-15, 0.023247985604159385, -0.999729729059484, -0.3113006629607744, 0.0, 0.0, 0.0, 1.0], "fov": 50.0, "aspect": 1.3333333333333333}, {"camera_to_world": [0.999853939429524, 0.017086308449140927, 0.0003973296395103319, -0.042076606141606174, 0.01709092763022587, -0.9995837079649359, -0.023244589990119604, -0.022060247552336727, 1.1115782773407634e-15, 0.023247985604159385, -0.999729729059484, -0.3015882810312485, 0.0, 0.0, 0.0, 1.0], "fov": 50.0, "aspect": 1.3333333333333333}, {"camera_to_world": [0.999853939429524, 0.017086308449140927, 0.0003973296395103319, -0.043450343240910946, 0.01709092763022587, -0.9995837079649359, -0.023244589990119604, -0.02212646554935554, 1.1115782773407634e-15, 0.023247985604159385, -0.999729729059484, -0.2918758991017226, 0.0, 0.0, 0.0, 1.0], "fov": 50.0, "aspect": 1.3333333333333333}, {"camera_to_world": [0.999853939429524, 0.017086308449140927, 0.0003973296395103319, -0.04482408034021571, 0.01709092763022587, -0.9995837079649359, -0.023244589990119604, -0.02219268354637436, 1.1115782773407634e-15, 0.023247985604159385, -0.999729729059484, -0.2821635171721968, 0.0, 0.0, 0.0, 1.0], "fov": 50.0, "aspect": 1.3333333333333333}, {"camera_to_world": [0.999853939429524, 0.017086308449140927, 0.0003973296395103319, -0.04619781743952047, 0.01709092763022587, -0.9995837079649359, -0.023244589990119604, -0.02225890154339318, 1.1115782773407634e-15, 0.023247985604159385, -0.999729729059484, -0.27245113524267095, 0.0, 0.0, 0.0, 1.0], "fov": 50.0, "aspect": 1.3333333333333333}, {"camera_to_world": [0.999853939429524, 0.017086308449140927, 0.0003973296395103319, -0.047571554538825236, 0.01709092763022587, -0.9995837079649359, -0.023244589990119604, -0.022325119540411994, 1.1115782773407634e-15, 0.023247985604159385, -0.999729729059484, -0.26273875331314506, 0.0, 0.0, 0.0, 1.0], "fov": 50.0, "aspect": 1.3333333333333333}, {"camera_to_world": [0.999853939429524, 0.017086308449140927, 0.0003973296395103319, -0.04894529163813001, 0.01709092763022587, -0.9995837079649359, -0.023244589990119604, -0.022391337537430812, 1.1115782773407634e-15, 0.023247985604159385, -0.999729729059484, -0.2530263713836192, 0.0, 0.0, 0.0, 1.0], "fov": 50.0, "aspect": 1.3333333333333333}, {"camera_to_world": [0.999853939429524, 0.017086308449140927, 0.0003973296395103319, -0.05031902873743478, 0.01709092763022587, -0.9995837079649359, -0.023244589990119604, -0.022457555534449627, 1.1115782773407634e-15, 0.023247985604159385, -0.999729729059484, -0.24331398945409335, 0.0, 0.0, 0.0, 1.0], "fov": 50.0, "aspect": 1.3333333333333333}, {"camera_to_world": [0.999853939429524, 0.017086308449140927, 0.0003973296395103319, -0.05169276583673954, 0.01709092763022587, -0.9995837079649359, -0.023244589990119604, -0.022523773531468443, 1.1115782773407634e-15, 0.023247985604159385, -0.999729729059484, -0.23360160752456743, 0.0, 0.0, 0.0, 1.0], "fov": 50.0, "aspect": 1.3333333333333333}, {"camera_to_world": [0.999853939429524, 0.017086308449140927, 0.0003973296395103319, -0.05306650293604431, 0.01709092763022587, -0.9995837079649359, -0.023244589990119604, -0.022589991528487265, 1.1115782773407634e-15, 0.023247985604159385, -0.999729729059484, -0.2238892255950416, 0.0, 0.0, 0.0, 1.0], "fov": 50.0, "aspect": 1.3333333333333333}]}