{"default_fov": 50.0, "default_transition_sec": 2.0, "keyframes": [{"matrix": [0.9788745827305737, -0.1957787547770203, -0.05895108533355977, -0.25293980788371223, -0.20446161322860898, -0.9373047774771781, -0.28223253326718456, -0.17308132130897577, 2.9837243786801082e-15, 0.2883234872437851, -0.9575330629819437, -0.35712333508913097, 0.0, 0.0, 0.0, 1.0], "fov": 50.0, "aspect": 1.3333333333333333, "override_transition_enabled": false, "override_transition_sec": null}, {"matrix": [0.9788745827305737, -0.1957787547770203, -0.05895108533355977, -0.11544485725640637, -0.20446161322860898, -0.9373047774771781, -0.28223253326718456, -0.1298611544413702, 2.9837243786801082e-15, 0.2883234872437851, -0.9575330629819437, -0.13126565063031875, 0.0, 0.0, 0.0, 1.0], "fov": 50.0, "aspect": 1.3333333333333333, "override_transition_enabled": false, "override_transition_sec": null}, {"matrix": [0.9788745827305737, -0.19577875477702045, -0.058951085333559625, 0.030974387661739544, -0.20446161322860906, -0.9373047774771786, -0.28223253326718445, -0.23930886028817316, 3.1051550219984847e-15, 0.28832348724378487, -0.9575330629819442, -0.4069857040563547, 0.0, 0.0, 0.0, 1.0], "fov": 50.0, "aspect": 1.3333333333333333, "override_transition_enabled": false, "override_transition_sec": null}], "render_height": 960.0, "render_width": 1280.0, "fps": 10.0, "seconds": 6.0, "is_cycle": true, "smoothness_value": 0.0, "camera_path": [{"camera_to_world": [0.9788745827305737, -0.1957787547770203, -0.05895108533355977, -0.25293980788371223, -0.20446161322860898, -0.9373047774771781, -0.28223253326718456, -0.17308132130897577, 2.9837243786801082e-15, 0.2883234872437851, -0.9575330629819437, -0.35712333508913097, 0.0, 0.0, 0.0, 1.0], "fov": 50.0, "aspect": 1.3333333333333333}, {"camera_to_world": [0.9788745827305737, -0.1957787547770203, -0.05895108533355977, -0.25558370181234014, -0.20446161322860898, -0.9373047774771781, -0.28223253326718456, -0.17021991603347936, 2.9837243786801082e-15, 0.2883234872437851, -0.9575330629819437, -0.34920572160823105, 0.0, 0.0, 0.0, 1.0], "fov": 50.0, "aspect": 1.3333333333333333}, {"camera_to_world": [0.9788745827305737, -0.1957787547770203, -0.05895108533355977, -0.2562975425652871, -0.20446161322860898, -0.9373047774771781, -0.28223253326718456, -0.1671405006244809, 2.9837243786801082e-15, 0.2883234872437851, -0.9575330629819437, -0.3394082771001773, 0.0, 0.0, 0.0, 1.0], "fov": 50.0, "aspect": 1.3333333333333333}, {"camera_to_world": [0.9788745827305737, -0.1957787547770203, -0.05895108533355977, -0.25523601196200885, -0.20446161322860898, -0.9373047774771781, -0.28223253326718456, -0.16389169776970652, 2.9837243786801082e-15, 0.2883234872437851, -0.9575330629819437, -0.3279850914599857, 0.0, 0.0, 0.0, 1.0], "fov": 50.0, "aspect": 1.3333333333333333}, {"camera_to_world": [0.9788745827305737, -0.1957787547770203, -0.05895108533355977, -0.252553791821961, -0.20446161322860898, -0.9373047774771781, -0.28223253326718456, -0.16052213015688224, 2.9837243786801082e-15, 0.2883234872437851, -0.9575330629819437, -0.31519025458267264, 0.0, 0.0, 0.0, 1.0], "fov": 50.0, "aspect": 1.3333333333333333}, {"camera_to_world": [0.9788745827305737, -0.1957787547770203, -0.05895108533355977, -0.24840556396459937, -0.20446161322860898, -0.9373047774771781, -0.28223253326718456, -0.15708042047373413, 2.9837243786801082e-15, 0.2883234872437851, -0.9575330629819437, -0.3012778563632541, 0.0, 0.0, 0.0, 1.0], "fov": 50.0, "aspect": 1.3333333333333333}, {"camera_to_world": [0.9788745827305737, -0.1957787547770203, -0.05895108533355977, -0.24294601020937961, -0.20446161322860898, -0.9373047774771781, -0.28223253326718456, -0.15361519140798824, 2.9837243786801082e-15, 0.2883234872437851, -0.9575330629819437, -0.2865019866967463, 0.0, 0.0, 0.0, 1.0], "fov": 50.0, "aspect": 1.3333333333333333}, {"camera_to_world": [0.9788745827305737, -0.1957787547770203, -0.05895108533355977, -0.2363298123757575, -0.20446161322860898, -0.9373047774771781, -0.28223253326718456, -0.1501750656473706, 2.9837243786801082e-15, 0.2883234872437851, -0.9575330629819437, -0.2711167354781655, 0.0, 0.0, 0.0, 1.0], "fov": 50.0, "aspect": 1.3333333333333333}, {"camera_to_world": [0.9788745827305737, -0.1957787547770203, -0.05895108533355977, -0.22871165228318874, -0.20446161322860898, -0.9373047774771781, -0.28223253326718456, -0.14680866587960734, 2.9837243786801082e-15, 0.2883234872437851, -0.9575330629819437, -0.25537619260252775, 0.0, 0.0, 0.0, 1.0], "fov": 50.0, "aspect": 1.3333333333333333}, {"camera_to_world": [0.9788745827305737, -0.1957787547770203, -0.05895108533355977, -0.22024621175112907, -0.20446161322860898, -0.9373047774771781, -0.28223253326718456, -0.14356461479242444, 2.9837243786801082e-15, 0.2883234872437851, -0.9575330629819437, -0.23953444796484927, 0.0, 0.0, 0.0, 1.0], "fov": 50.0, "aspect": 1.3333333333333333}, {"camera_to_world": [0.9788745827305737, -0.1957787547770203, -0.05895108533355977, -0.21108817259903417, -0.20446161322860898, -0.9373047774771781, -0.28223253326718456, -0.14049153507354797, 2.9837243786801082e-15, 0.2883234872437851, -0.9575330629819437, -0.22384559146014613, 0.0, 0.0, 0.0, 1.0], "fov": 50.0, "aspect": 1.3333333333333333}, {"camera_to_world": [0.9788745827305737, -0.1957787547770203, -0.05895108533355977, -0.20139221664635976, -0.20446161322860898, -0.9373047774771781, -0.28223253326718456, -0.137638049410704, 2.9837243786801082e-15, 0.2883234872437851, -0.9575330629819437, -0.20856371298343465, 0.0, 0.0, 0.0, 1.0], "fov": 50.0, "aspect": 1.3333333333333333}, {"camera_to_world": [0.9788745827305737, -0.1957787547770203, -0.05895108533355977, -0.19131302571256154, -0.20446161322860898, -0.9373047774771781, -0.28223253326718456, -0.1350527804916186, 2.9837243786801082e-15, 0.2883234872437851, -0.9575330629819437, -0.19394290242973078, 0.0, 0.0, 0.0, 1.0], "fov": 50.0, "aspect": 1.3333333333333333}, {"camera_to_world": [0.9788745827305737, -0.1957787547770203, -0.05895108533355977, -0.18100528161709534, -0.20446161322860898, -0.9373047774771781, -0.28223253326718456, -0.1327843510040178, 2.9837243786801082e-15, 0.2883234872437851, -0.9575330629819437, -0.18023724969405094, 0.0, 0.0, 0.0, 1.0], "fov": 50.0, "aspect": 1.3333333333333333}, {"camera_to_world": [0.9788745827305737, -0.1957787547770203, -0.05895108533355977, -0.17062366617941677, -0.20446161322860898, -0.9373047774771781, -0.28223253326718456, -0.1308813836356277, 2.9837243786801082e-15, 0.2883234872437851, -0.9575330629819437, -0.16770084467141116, 0.0, 0.0, 0.0, 1.0], "fov": 50.0, "aspect": 1.3333333333333333}, {"camera_to_world": [0.9788745827305737, -0.1957787547770203, -0.05895108533355977, -0.16032286121898154, -0.20446161322860898, -0.9373047774771781, -0.28223253326718456, -0.1293925010741743, 2.9837243786801082e-15, 0.2883234872437851, -0.9575330629819437, -0.15658777725682754, 0.0, 0.0, 0.0, 1.0], "fov": 50.0, "aspect": 1.3333333333333333}, {"camera_to_world": [0.9788745827305737, -0.1957787547770203, -0.05895108533355977, -0.15025754855524548, -0.20446161322860898, -0.9373047774771781, -0.28223253326718456, -0.1283663260073837, 2.9837243786801082e-15, 0.2883234872437851, -0.9575330629819437, -0.1471521373453164, 0.0, 0.0, 0.0, 1.0], "fov": 50.0, "aspect": 1.3333333333333333}, {"camera_to_world": [0.9788745827305737, -0.1957787547770203, -0.05895108533355977, -0.14058241000766414, -0.20446161322860898, -0.9373047774771781, -0.28223253326718456, -0.12785148112298195, 2.9837243786801082e-15, 0.2883234872437851, -0.9575330629819437, -0.13964801483189368, 0.0, 0.0, 0.0, 1.0], "fov": 50.0, "aspect": 1.3333333333333333}, {"camera_to_world": [0.9788745827305737, -0.1957787547770203, -0.05895108533355977, -0.13145212739569345, -0.20446161322860898, -0.9373047774771781, -0.28223253326718456, -0.12789658910869506, 2.9837243786801082e-15, 0.2883234872437851, -0.9575330629819437, -0.13432949961157586, 0.0, 0.0, 0.0, 1.0], "fov": 50.0, "aspect": 1.3333333333333333}, {"camera_to_world": [0.9788745827305737, -0.1957787547770203, -0.05895108533355977, -0.12302138253878894, -0.20446161322860898, -0.9373047774771781, -0.28223253326718456, -0.1285502726522491, 2.9837243786801082e-15, 0.2883234872437851, -0.9575330629819437, -0.13145068157937878, 0.0, 0.0, 0.0, 1.0], "fov": 50.0, "aspect": 1.3333333333333333}, {"camera_to_world": [0.9788745827305737, -0.19577875477702045, -0.058951085333559625, -0.11544485725640637, -0.20446161322860906, -0.9373047774771786, -0.28223253326718445, -0.1298611544413702, 3.1051550219984847e-15, 0.28832348724378487, -0.9575330629819442, -0.13126565063031875, 0.0, 0.0, 0.0, 1.0], "fov": 50.0, "aspect": 1.3333333333333333}, {"camera_to_world": [0.9788745827305737, -0.19577875477702045, -0.058951085333559625, -0.10781422843988564, -0.20446161322860906, -0.9373047774771786, -0.28223253326718445, -0.13209758520882237, 3.1051550219984847e-15, 0.28832348724378487, -0.9575330629819442, -0.13412143471718568, 0.0, 0.0, 0.0, 1.0], "fov": 50.0, "aspect": 1.3333333333333333}, {"camera_to_world": [0.9788745827305737, -0.19577875477702045, -0.058951085333559625, -0.09922786620128463, -0.20446161322860906, -0.9373047774771786, -0.28223253326718445, -0.13541341478283395, 3.1051550219984847e-15, 0.28832348724378487, -0.9575330629819442, -0.13998887848935565, 0.0, 0.0, 0.0, 1.0], "fov": 50.0, "aspect": 1.3333333333333333}, {"camera_to_world": [0.9788745827305737, -0.19577875477702045, -0.058951085333559625, -0.0898504921911362, -0.20446161322860906, -0.9373047774771786, -0.28223253326718445, -0.13968551449432728, 3.1051550219984847e-15, 0.28832348724378487, -0.9575330629819442, -0.14855779688672452, 0.0, 0.0, 0.0, 1.0], "fov": 50.0, "aspect": 1.3333333333333333}, {"camera_to_world": [0.9788745827305737, -0.19577875477702045, -0.058951085333559625, -0.07984682805997334, -0.20446161322860906, -0.9373047774771786, -0.28223253326718445, -0.14479075567422467, 3.1051550219984847e-15, 0.28832348724378487, -0.9575330629819442, -0.15951800484918785, 0.0, 0.0, 0.0, 1.0], "fov": 50.0, "aspect": 1.3333333333333333}, {"camera_to_world": [0.9788745827305737, -0.19577875477702045, -0.058951085333559625, -0.069381595458329, -0.20446161322860906, -0.9373047774771786, -0.28223253326718445, -0.15060600965344847, 3.1051550219984847e-15, 0.28832348724378487, -0.9575330629819442, -0.1725593173166414, 0.0, 0.0, 0.0, 1.0], "fov": 50.0, "aspect": 1.3333333333333333}, {"camera_to_world": [0.9788745827305737, -0.19577875477702045, -0.058951085333559625, -0.058619516036735986, -0.20446161322860906, -0.9373047774771786, -0.28223253326718445, -0.1570081477629211, 3.1051550219984847e-15, 0.28832348724378487, -0.9575330629819442, -0.18737154922898092, 0.0, 0.0, 0.0, 1.0], "fov": 50.0, "aspect": 1.3333333333333333}, {"camera_to_world": [0.9788745827305737, -0.19577875477702045, -0.058951085333559625, -0.047725311445727274, -0.20446161322860906, -0.9373047774771786, -0.28223253326718445, -0.1638740413335648, 3.1051550219984847e-15, 0.28832348724378487, -0.9575330629819442, -0.20364451552610205, 0.0, 0.0, 0.0, 1.0], "fov": 50.0, "aspect": 1.3333333333333333}, {"camera_to_world": [0.9788745827305737, -0.19577875477702045, -0.058951085333559625, -0.03686370333583581, -0.20446161322860906, -0.9373047774771786, -0.28223253326718445, -0.17108056169630198, 3.1051550219984847e-15, 0.28832348724378487, -0.9575330629819442, -0.22106803114790047, 0.0, 0.0, 0.0, 1.0], "fov": 50.0, "aspect": 1.3333333333333333}, {"camera_to_world": [0.9788745827305737, -0.19577875477702045, -0.058951085333559625, -0.026199413357594414, -0.20446161322860906, -0.9373047774771786, -0.28223253326718445, -0.17850458018205498, 3.1051550219984847e-15, 0.28832348724378487, -0.9575330629819442, -0.23933191103427207, 0.0, 0.0, 0.0, 1.0], "fov": 50.0, "aspect": 1.3333333333333333}, {"camera_to_world": [0.9788745827305737, -0.19577875477702045, -0.058951085333559625, -0.015897163161536047, -0.20446161322860906, -0.9373047774771786, -0.28223253326718445, -0.18602296812174618, 3.1051550219984847e-15, 0.28832348724378487, -0.9575330629819442, -0.2581259701251125, 0.0, 0.0, 0.0, 1.0], "fov": 50.0, "aspect": 1.3333333333333333}, {"camera_to_world": [0.9788745827305737, -0.19577875477702045, -0.058951085333559625, -0.006121674398193594, -0.20446161322860906, -0.9373047774771786, -0.28223253326718445, -0.1935125968462979, 3.1051550219984847e-15, 0.28832348724378487, -0.9575330629819442, -0.2771400233603174, 0.0, 0.0, 0.0, 1.0], "fov": 50.0, "aspect": 1.3333333333333333}, {"camera_to_world": [0.9788745827305737, -0.19577875477702045, -0.058951085333559625, 0.002962331281899938, -0.20446161322860906, -0.9373047774771786, -0.28223253326718445, -0.2008503376866324, 3.1051550219984847e-15, 0.28832348724378487, -0.9575330629819442, -0.2960638856797824, 0.0, 0.0, 0.0, 1.0], "fov": 50.0, "aspect": 1.3333333333333333}, {"camera_to_world": [0.9788745827305737, -0.19577875477702045, -0.058951085333559625, 0.011190132228211691, -0.20446161322860906, -0.9373047774771786, -0.28223253326718445, -0.20791306197367215, 3.1051550219984847e-15, 0.28832348724378487, -0.9575330629819442, -0.3145873720234033, 0.0, 0.0, 0.0, 1.0], "fov": 50.0, "aspect": 1.3333333333333333}, {"camera_to_world": [0.9788745827305737, -0.19577875477702045, -0.058951085333559625, 0.018397006790208746, -0.20446161322860906, -0.9373047774771786, -0.28223253326718445, -0.21457764103833946, 3.1051550219984847e-15, 0.28832348724378487, -0.9575330629819442, -0.3324002973310758, 0.0, 0.0, 0.0, 1.0], "fov": 50.0, "aspect": 1.3333333333333333}, {"camera_to_world": [0.9788745827305737, -0.19577875477702045, -0.058951085333559625, 0.02441823331735824, -0.20446161322860906, -0.9373047774771786, -0.28223253326718445, -0.22072094621155663, 3.1051550219984847e-15, 0.28832348724378487, -0.9575330629819442, -0.34919247654269564, 0.0, 0.0, 0.0, 1.0], "fov": 50.0, "aspect": 1.3333333333333333}, {"camera_to_world": [0.9788745827305737, -0.19577875477702045, -0.058951085333559625, 0.02908909015912716, -0.20446161322860906, -0.9373047774771786, -0.28223253326718445, -0.22621984882424603, 3.1051550219984847e-15, 0.28832348724378487, -0.9575330629819442, -0.3646537245981585, 0.0, 0.0, 0.0, 1.0], "fov": 50.0, "aspect": 1.3333333333333333}, {"camera_to_world": [0.9788745827305737, -0.19577875477702045, -0.058951085333559625, 0.03224485566498274, -0.20446161322860906, -0.9373047774771786, -0.28223253326718445, -0.2309512202073301, 3.1051550219984847e-15, 0.28832348724378487, -0.9575330629819442, -0.3784738564373603, 0.0, 0.0, 0.0, 1.0], "fov": 50.0, "aspect": 1.3333333333333333}, {"camera_to_world": [0.9788745827305737, -0.19577875477702045, -0.058951085333559625, 0.03372080818439189, -0.20446161322860906, -0.9373047774771786, -0.28223253326718445, -0.23479193169173102, 3.1051550219984847e-15, 0.28832348724378487, -0.9575330629819442, -0.39034268700019625, 0.0, 0.0, 0.0, 1.0], "fov": 50.0, "aspect": 1.3333333333333333}, {"camera_to_world": [0.9788745827305737, -0.19577875477702045, -0.058951085333559625, 0.0333522260668218, -0.20446161322860906, -0.9373047774771786, -0.28223253326718445, -0.2376188546083713, 3.1051550219984847e-15, 0.28832348724378487, -0.9575330629819442, -0.3999500312265626, 0.0, 0.0, 0.0, 1.0], "fov": 50.0, "aspect": 1.3333333333333333}, {"camera_to_world": [0.9788745827305737, -0.1957787547770203, -0.05895108533355977, 0.030974387661739544, -0.20446161322860898, -0.9373047774771781, -0.28223253326718456, -0.23930886028817316, 2.9837243786801082e-15, 0.2883234872437851, -0.9575330629819437, -0.4069857040563547, 0.0, 0.0, 0.0, 1.0], "fov": 50.0, "aspect": 1.3333333333333333}, {"camera_to_world": [0.9788745827305737, -0.1957787547770203, -0.05895108533355977, 0.025987652773846754, -0.20446161322860898, -0.9373047774771781, -0.28223253326718456, -0.23993383479621744, 2.9837243786801082e-15, 0.2883234872437851, -0.9575330629819437, -0.4120475334503877, 0.0, 0.0, 0.0, 1.0], "fov": 50.0, "aspect": 1.3333333333333333}, {"camera_to_world": [0.9788745827305737, -0.1957787547770203, -0.05895108533355977, 0.01811513128819273, -0.20446161322860898, -0.9373047774771781, -0.28223253326718456, -0.2396974206312043, 2.9837243786801082e-15, 0.2883234872437851, -0.9575330629819437, -0.4159775341862715, 0.0, 0.0, 0.0, 1.0], "fov": 50.0, "aspect": 1.3333333333333333}, {"camera_to_world": [0.9788745827305737, -0.1957787547770203, -0.05895108533355977, 0.007676226674766004, -0.20446161322860898, -0.9373047774771781, -0.28223253326718456, -0.23867412377448538, 2.9837243786801082e-15, 0.2883234872437851, -0.9575330629819437, -0.41883180142909415, 0.0, 0.0, 0.0, 1.0], "fov": 50.0, "aspect": 1.3333333333333333}, {"camera_to_world": [0.9788745827305737, -0.1957787547770203, -0.05895108533355977, -0.005009657596444603, -0.20446161322860898, -0.9373047774771781, -0.28223253326718456, -0.23693845020741225, 2.9837243786801082e-15, 0.2883234872437851, -0.9575330629819437, -0.42066643034394396, 0.0, 0.0, 0.0, 1.0], "fov": 50.0, "aspect": 1.3333333333333333}, {"camera_to_world": [0.9788745827305737, -0.1957787547770203, -0.05895108533355977, -0.01962311805545069, -0.20446161322860898, -0.9373047774771781, -0.28223253326718456, -0.23456490591133652, 2.9837243786801082e-15, 0.2883234872437851, -0.9575330629819437, -0.42153751609590895, 0.0, 0.0, 0.0, 1.0], "fov": 50.0, "aspect": 1.3333333333333333}, {"camera_to_world": [0.9788745827305737, -0.1957787547770203, -0.05895108533355977, -0.03584475123226351, -0.20446161322860898, -0.9373047774771781, -0.28223253326718456, -0.23162799686760982, 2.9837243786801082e-15, 0.2883234872437851, -0.9575330629819437, -0.42150115385007725, 0.0, 0.0, 0.0, 1.0], "fov": 50.0, "aspect": 1.3333333333333333}, {"camera_to_world": [0.9788745827305737, -0.1957787547770203, -0.05895108533355977, -0.053355153656894264, -0.20446161322860898, -0.9373047774771781, -0.28223253326718456, -0.22820222905758372, 2.9837243786801082e-15, 0.2883234872437851, -0.9575330629819437, -0.4206134387715369, 0.0, 0.0, 0.0, 1.0], "fov": 50.0, "aspect": 1.3333333333333333}, {"camera_to_world": [0.9788745827305737, -0.1957787547770203, -0.05895108533355977, -0.07183492185935461, -0.20446161322860898, -0.9373047774771781, -0.28223253326718456, -0.2243621084626098, 2.9837243786801082e-15, 0.2883234872437851, -0.9575330629819437, -0.4189304660253761, 0.0, 0.0, 0.0, 1.0], "fov": 50.0, "aspect": 1.3333333333333333}, {"camera_to_world": [0.9788745827305737, -0.1957787547770203, -0.05895108533355977, -0.09096465236965563, -0.20446161322860898, -0.9373047774771781, -0.28223253326718456, -0.22018214106403972, 2.9837243786801082e-15, 0.2883234872437851, -0.9575330629819437, -0.4165083307766831, 0.0, 0.0, 0.0, 1.0], "fov": 50.0, "aspect": 1.3333333333333333}, {"camera_to_world": [0.9788745827305737, -0.1957787547770203, -0.05895108533355977, -0.11042494171780884, -0.20446161322860898, -0.9373047774771781, -0.28223253326718456, -0.21573683284322503, 2.9837243786801082e-15, 0.2883234872437851, -0.9575330629819437, -0.4134031281905459, 0.0, 0.0, 0.0, 1.0], "fov": 50.0, "aspect": 1.3333333333333333}, {"camera_to_world": [0.9788745827305737, -0.1957787547770203, -0.05895108533355977, -0.12989638643382556, -0.20446161322860898, -0.9373047774771781, -0.28223253326718456, -0.2111006897815173, 2.9837243786801082e-15, 0.2883234872437851, -0.9575330629819437, -0.4096709534320525, 0.0, 0.0, 0.0, 1.0], "fov": 50.0, "aspect": 1.3333333333333333}, {"camera_to_world": [0.9788745827305737, -0.1957787547770203, -0.05895108533355977, -0.1490595830477174, -0.20446161322860898, -0.9373047774771781, -0.28223253326718456, -0.20634821786026816, 2.9837243786801082e-15, 0.2883234872437851, -0.9575330629819437, -0.4053679016662913, 0.0, 0.0, 0.0, 1.0], "fov": 50.0, "aspect": 1.3333333333333333}, {"camera_to_world": [0.9788745827305737, -0.1957787547770203, -0.05895108533355977, -0.16759512808949528, -0.20446161322860898, -0.9373047774771781, -0.28223253326718456, -0.2015539230608292, 2.9837243786801082e-15, 0.2883234872437851, -0.9575330629819437, -0.4005500680583503, 0.0, 0.0, 0.0, 1.0], "fov": 50.0, "aspect": 1.3333333333333333}, {"camera_to_world": [0.9788745827305737, -0.1957787547770203, -0.05895108533355977, -0.18518361808917108, -0.20446161322860898, -0.9373047774771781, -0.28223253326718456, -0.196792311364552, 2.9837243786801082e-15, 0.2883234872437851, -0.9575330629819437, -0.39527354777331747, 0.0, 0.0, 0.0, 1.0], "fov": 50.0, "aspect": 1.3333333333333333}, {"camera_to_world": [0.9788745827305737, -0.1957787547770203, -0.05895108533355977, -0.20150564957675568, -0.20446161322860898, -0.9373047774771781, -0.28223253326718456, -0.1921378887527882, 2.9837243786801082e-15, 0.2883234872437851, -0.9575330629819437, -0.3895944359762813, 0.0, 0.0, 0.0, 1.0], "fov": 50.0, "aspect": 1.3333333333333333}, {"camera_to_world": [0.9788745827305737, -0.1957787547770203, -0.05895108533355977, -0.21624181908226067, -0.20446161322860898, -0.9373047774771781, -0.28223253326718456, -0.18766516120688942, 2.9837243786801082e-15, 0.2883234872437851, -0.9575330629819437, -0.38356882783232965, 0.0, 0.0, 0.0, 1.0], "fov": 50.0, "aspect": 1.3333333333333333}, {"camera_to_world": [0.9788745827305737, -0.1957787547770203, -0.05895108533355977, -0.2290727231356975, -0.20446161322860898, -0.9373047774771781, -0.28223253326718456, -0.18344863470820713, 2.9837243786801082e-15, 0.2883234872437851, -0.9575330629819437, -0.37725281850655057, 0.0, 0.0, 0.0, 1.0], "fov": 50.0, "aspect": 1.3333333333333333}, {"camera_to_world": [0.9788745827305737, -0.1957787547770203, -0.05895108533355977, -0.23967895826707736, -0.20446161322860898, -0.9373047774771781, -0.28223253326718456, -0.1795628152380931, 2.9837243786801082e-15, 0.2883234872437851, -0.9575330629819437, -0.3707025031640324, 0.0, 0.0, 0.0, 1.0], "fov": 50.0, "aspect": 1.3333333333333333}, {"camera_to_world": [0.9788745827305737, -0.1957787547770203, -0.05895108533355977, -0.24774112100641185, -0.20446161322860898, -0.9373047774771781, -0.28223253326718456, -0.17608220877789876, 2.9837243786801082e-15, 0.2883234872437851, -0.9575330629819437, -0.3639739769698632, 0.0, 0.0, 0.0, 1.0], "fov": 50.0, "aspect": 1.3333333333333333}]}