{"default_fov": 50.0, "default_transition_sec": 2.0, "keyframes": [{"matrix": [0.9975881523841463, -0.06941093734261548, -6.941093547104502e-08, -0.11527508330326082, -0.06941093734265018, -0.9975881523836475, -9.975881514431474e-07, -0.022202350794508583, 1.8017755239062987e-15, 9.999999989313607e-07, -0.9999999999995001, -0.6124059046014797, 0.0, 0.0, 0.0, 1.0], "fov": 50.0, "aspect": 1.3333333333333333, "override_transition_enabled": false, "override_transition_sec": null}, {"matrix": [0.9999953883266048, -0.0030369928420703636, -3.0369909717226775e-09, 0.06321701330268696, -0.0030369928420718824, -0.9999953883261044, -9.999953872296764e-07, -0.045568599577289946, 1.867009216057186e-15, 9.999999988973962e-07, -0.9999999999994995, -0.5156733887131623, 0.0, 0.0, 0.0, 1.0], "fov": 50.0, "aspect": 1.3333333333333333, "override_transition_enabled": false, "override_transition_sec": null}, {"matrix": [0.9999953883266679, -0.003036992821319545, -3.0369905445499704e-09, -0.17670669686743423, -0.0030369928213210638, -0.9999953883261676, -9.999953869250127e-07, -0.03679705318496642, 2.272503776845263e-15, 9.999999985914369e-07, -0.9999999999994997, -0.5156733967560221, 0.0, 0.0, 0.0, 1.0], "fov": 50.0, "aspect": 1.3333333333333333, "override_transition_enabled": false, "override_transition_sec": null}], "render_height": 960.0, "render_width": 1280.0, "fps": 10.0, "seconds": 6.0, "is_cycle": true, "smoothness_value": 0.0, "camera_path": [{"camera_to_world": [0.9975881523841463, -0.06941093734261548, -6.941093547104502e-08, -0.11527508330326082, -0.06941093734265018, -0.9975881523836475, -9.975881514431474e-07, -0.022202350794508583, 1.8017755239062987e-15, 9.999999989313607e-07, -0.9999999999995001, -0.6124059046014797, 0.0, 0.0, 0.0, 1.0], "fov": 50.0, "aspect": 1.3333333333333333}, {"camera_to_world": [0.9976160253943119, -0.06900917240810087, -6.900917054590025e-08, -0.10849478685104688, -0.06900917240813537, -0.997616025393813, -9.976160244589372e-07, -0.022552332904571877, 1.7932461734426888e-15, 9.99999998938344e-07, -0.9999999999995, -0.6118194635328889, 0.0, 0.0, 0.0, 1.0], "fov": 50.0, "aspect": 1.3333333333333333}, {"camera_to_world": [0.9976952941918014, -0.06785351831357353, -6.785351645876809e-08, -0.1002839520753656, -0.06785351831360745, -0.9976952941913025, -9.976952932589417e-07, -0.023146177228558502, 1.787266689935335e-15, 9.999999989434329e-07, -0.9999999999995001, -0.6101326901161755, 0.0, 0.0, 0.0, 1.0], "fov": 50.0, "aspect": 1.3333333333333333}, {"camera_to_world": [0.9978184078334033, -0.06601836857123722, -6.601836672201513e-08, -0.09084338258489863, -0.06601836857127022, -0.9978184078329045, -9.978184069002373e-07, -0.02395759673658783, 1.7836146610611336e-15, 9.99999998946785e-07, -0.9999999999995002, -0.6074544084317142, 0.0, 0.0, 0.0, 1.0], "fov": 50.0, "aspect": 1.3333333333333333}, {"camera_to_world": [0.9979768685058245, -0.0635780616825043, -6.357805983722173e-08, -0.0803738819883277, -0.06357806168253607, -0.9979768685053251, -9.979768675698144e-07, -0.024960304398779228, 1.7820713405614567e-15, 9.99999998948562e-07, -0.9999999999994995, -0.603893442559879, 0.0, 0.0, 0.0, 1.0], "fov": 50.0, "aspect": 1.3333333333333333}, {"camera_to_world": [0.9981617108656228, -0.060606921731838015, -6.060691988902236e-08, -0.06907625389433451, -0.060606921731868324, -0.998161710865124, -9.981617099245137e-07, -0.026128013185252062, 1.782420536511407e-15, 9.999999989489316e-07, -0.9999999999995003, -0.5995586165810444, 0.0, 0.0, 0.0, 1.0], "fov": 50.0, "aspect": 1.3333333333333333}, {"camera_to_world": [0.9983639258554016, -0.0571792930227973, -5.71792911811487e-08, -0.05715130191160071, -0.057179293022825886, -0.9983639258549024, -9.983639249072187e-07, -0.027434436066125716, 1.784447641864142e-15, 9.999999989480625e-07, -0.9999999999995, -0.5945587545755848, 0.0, 0.0, 0.0, 1.0], "fov": 50.0, "aspect": 1.3333333333333333}, {"camera_to_world": [0.9985748290954073, -0.05336956714341328, -5.336956530180456e-08, -0.04479982964880804, -0.05336956714343997, -0.9985748290949078, -9.98574828138454e-07, -0.028853286011519548, 1.7879385789684096e-15, 9.999999989461233e-07, -0.9999999999994998, -0.5890026806238746, 0.0, 0.0, 0.0, 1.0], "fov": 50.0, "aspect": 1.3333333333333333}, {"camera_to_world": [0.998786373870861, -0.04925220167560185, -4.9252199833077355e-08, -0.03222264071463816, -0.04925220167562647, -0.9987863738703616, -9.9878637290372e-07, -0.03035827599155294, 1.792679114663004e-15, 9.99999998943283e-07, -0.9999999999995, -0.582999218806288, 0.0, 0.0, 0.0, 1.0], "fov": 50.0, "aspect": 1.3333333333333333}, {"camera_to_world": [0.9989914086719217, -0.044901730475423236, -4.490172863119645e-08, -0.01962053871777276, -0.04490173047544569, -0.9989914086714222, -9.989914076934533e-07, -0.031923118976345255, 1.7984542250020533e-15, 9.999999989397087e-07, -0.9999999999995001, -0.5766571932031994, 0.0, 0.0, 0.0, 1.0], "fov": 50.0, "aspect": 1.3333333333333333}, {"camera_to_world": [0.9991838791989555, -0.04039276604697412, -4.039276420042453e-08, -0.007194327266893519, -0.040392766046994315, -0.9991838791984557, -9.991838782083022e-07, -0.03352152793601587, 1.805047546007093e-15, 9.999999989355673e-07, -0.9999999999994998, -0.5700854278949833, 0.0, 0.0, 0.0, 1.0], "fov": 50.0, "aspect": 1.3333333333333333}, {"camera_to_world": [0.9993589747218209, -0.035799995013266035, -3.5799993163935224e-08, 0.004855190029317819, -0.03579999501328394, -0.9993589747213217, -9.993589737184053e-07, -0.03512721584068415, 1.8122409600767604e-15, 9.999999989310213e-07, -0.9999999999995006, -0.5633927469620139, 0.0, 0.0, 0.0, 1.0], "fov": 50.0, "aspect": 1.3333333333333333}, {"camera_to_world": [0.9995132186770793, -0.031198168051729955, -3.119816619931742e-08, 0.01632720956217968, -0.031198168051745554, -0.9995132186765795, -9.995132176606083e-07, -0.03671389566046948, 1.819814377611112e-15, 9.999999989262315e-07, -0.9999999999995, -0.5566879744846657, 0.0, 0.0, 0.0, 1.0], "fov": 50.0, "aspect": 1.3333333333333333}, {"camera_to_world": [0.9996445033985459, -0.026662085910028933, -2.666208405438746e-08, 0.027020927723010173, -0.026662085910042262, -0.9996445033980458, -9.996445023690105e-07, -0.03825528036549121, 1.8275455732298635e-15, 9.999999989213552e-07, -0.9999999999994996, -0.5500799345433128, 0.0, 0.0, 0.0, 1.0], "fov": 50.0, "aspect": 1.3333333333333333}, {"camera_to_world": [0.9997520689002929, -0.022266583248972866, -2.226658139010404e-08, 0.036735540903127785, -0.022266583248983996, -0.9997520688997933, -9.997520678579713e-07, -0.03972508292586872, 1.8352101460677186e-15, 9.999999989165461e-07, -0.9999999999995002, -0.5436774512183298, 0.0, 0.0, 0.0, 1.0], "fov": 50.0, "aspect": 1.3333333333333333}, {"camera_to_world": [0.9998364256622235, -0.01808651207360829, -1.808651021165812e-08, 0.045270245493850766, -0.01808651207361733, -0.9998364256617238, -9.998364246076832e-07, -0.04109701631172138, 1.842581683556132e-15, 9.999999989119559e-07, -0.9999999999995003, -0.537589348590091, 0.0, 0.0, 0.0, 1.0], "fov": 50.0, "aspect": 1.3333333333333333}, {"camera_to_world": [0.9998992214014532, -0.014196726410251331, -1.4196724545506287e-08, 0.05242423788649738, -0.01419672641025843, -0.9998992214009534, -9.998992203355515e-07, -0.04234479349316857, 1.849431896253748e-15, 9.999999989077323e-07, -0.9999999999995003, -0.5319244507389708, 0.0, 0.0, 0.0, 1.0], "fov": 50.0, "aspect": 1.3333333333333333}, {"camera_to_world": [0.9999430518429654, -0.010672069666960448, -1.0672067799844152e-08, 0.05799671447238606, -0.010672069666965784, -0.9999430518424652, -9.99943050766851e-07, -0.043442127440329645, 1.855530932175034e-15, 9.999999989040206e-07, -0.9999999999994998, -0.5267915817453434, 0.0, 0.0, 0.0, 1.0], "fov": 50.0, "aspect": 1.3333333333333333}, {"camera_to_world": [0.9999712155260108, -0.007587365776896879, -7.587363907967588e-09, 0.06178687164283494, -0.007587365776900673, -0.9999712155255105, -9.999712144411258e-07, -0.04436273112332398, 1.860647869789926e-15, 9.999999989009658e-07, -0.9999999999994997, -0.5222995656895832, 0.0, 0.0, 0.0, 1.0], "fov": 50.0, "aspect": 1.3333333333333333}, {"camera_to_world": [0.9999874126952953, -0.005017414769485979, -5.017412899435187e-09, 0.0635939057891625, -0.005017414769488487, -0.9999874126947959, -9.999874116033754e-07, -0.04508031751227096, 1.8645511448490228e-15, 9.999999988987108e-07, -0.9999999999995005, -0.5185572266520647, 0.0, 0.0, 0.0, 1.0], "fov": 50.0, "aspect": 1.3333333333333333}, {"camera_to_world": [0.9999953883266048, -0.0030369928420703636, -3.0369909717226775e-09, 0.06321701330268696, -0.0030369928420718824, -0.9999953883261044, -9.999953872296764e-07, -0.045568599577289946, 1.867009216057186e-15, 9.999999988973962e-07, -0.9999999999994995, -0.5156733887131623, 0.0, 0.0, 0.0, 1.0], "fov": 50.0, "aspect": 1.3333333333333333}, {"camera_to_world": [0.9999989352367715, -0.001459289321293088, -1.45928740490854e-09, 0.0603034749876315, -0.0014592893212938174, -0.9999989352362713, -9.99998934101452e-07, -0.04586204625905986, 1.9147264776865132e-15, 9.999999988618852e-07, -0.9999999999994997, -0.5133759917005924, 0.0, 0.0, 0.0, 1.0], "fov": 50.0, "aspect": 1.3333333333333333}, {"camera_to_world": [0.9999999988644214, -4.765665941439695e-05, -4.765469944937925e-11, 0.05481438350330133, -4.765665941442078e-05, -0.9999999988639217, -9.999999976928544e-07, -0.04601922984464095, 1.9599092063332807e-15, 9.999999988283397e-07, -0.9999999999995003, -0.5113204260491239, 0.0, 0.0, 0.0, 1.0], "fov": 50.0, "aspect": 1.3333333333333333}, {"camera_to_world": [0.9999992825154506, 0.0011979017422583784, 1.1979037433104201e-09, 0.0470196530236378, 0.0011979017422589773, -0.9999992825149502, -9.999992813098332e-07, -0.04605001832372457, 2.002494218294306e-15, 9.999999987967805e-07, -0.9999999999994996, -0.5095066917497082, 0.0, 0.0, 0.0, 1.0], "fov": 50.0, "aspect": 1.3333333333333333}, {"camera_to_world": [0.9999974067571111, 0.0022773842567261615, 2.277386296333748e-09, 0.03718919772258238, 0.0022773842567273004, -0.9999974067566109, -9.999974055196955e-07, -0.0459642796860021, 2.0424192290698935e-15, 9.999999987672324e-07, -0.9999999999994997, -0.5079347887932972, 0.0, 0.0, 0.0, 1.0], "fov": 50.0, "aspect": 1.3333333333333333}, {"camera_to_world": [0.9999949094149846, 0.003190790515965757, 3.190792591558354e-09, 0.025592931774076476, 0.003190790515967352, -0.9999949094144851, -9.999949081480733e-07, -0.0457718819211649, 2.079622885630341e-15, 9.999999987397178e-07, -0.9999999999995005, -0.5066047171708429, 0.0, 0.0, 0.0, 1.0], "fov": 50.0, "aspect": 1.3333333333333333}, {"camera_to_world": [0.9999922455715695, 0.003938120964345017, 3.9381230733119735e-09, 0.012500769352061358, 0.003938120964346986, -0.9999922455710695, -9.999922442775157e-07, -0.04548269301890433, 2.1140447747362127e-15, 9.999999987142615e-07, -0.9999999999995, -0.5055164768732968, 0.0, 0.0, 0.0, 1.0], "fov": 50.0, "aspect": 1.3333333333333333}, {"camera_to_world": [0.9999897875659658, 0.004519376480739171, 4.519378620428617e-09, -0.001817375369521501, 0.004519376480741431, -0.9999897875654657, -9.999897862471729e-07, -0.04510658096891176, 2.1456254572566425e-15, 9.999999986908904e-07, -0.9999999999995, -0.5046700678916107, 0.0, 0.0, 0.0, 1.0], "fov": 50.0, "aspect": 1.3333333333333333}, {"camera_to_world": [0.9999878249942146, 0.004934558069379501, 4.934560237097202e-09, -0.01709158821673066, 0.0049345580693819675, -0.9999878249937144, -9.999878236531337e-07, -0.044653413760878544, 2.1743064837823666e-15, 9.99999998669632e-07, -0.9999999999994998, -0.5040654902167367, 0.0, 0.0, 0.0, 1.0], "fov": 50.0, "aspect": 1.3333333333333333}, {"camera_to_world": [0.999986564709937, 0.005183666619210789, 5.183668812218975e-09, -0.0330519550156249, 0.005183666619213381, -0.999986564709437, -9.999865633490672e-07, -0.04413305938449605, 2.200030426472178e-15, 9.999999986505162e-07, -0.9999999999995001, -0.5037027438396262, 0.0, 0.0, 0.0, 1.0], "fov": 50.0, "aspect": 1.3333333333333333}, {"camera_to_world": [0.9999861308249569, 0.0052667027381675755, 5.266705063409307e-09, -0.049428561592262756, 0.005266702738170209, -0.9999861308244566, -9.999861293638567e-07, -0.04355538582945564, 2.3329020290087215e-15, 9.999999985511664e-07, -0.9999999999994997, -0.5035818287512311, 0.0, 0.0, 0.0, 1.0], "fov": 50.0, "aspect": 1.3333333333333333}, {"camera_to_world": [0.9999865647099252, 0.005183666621466841, 5.183668856662384e-09, -0.06595149377270286, 0.005183666621469432, -0.9999865647094253, -9.99986563317152e-07, -0.04293026108544869, 2.242382593717908e-15, 9.999999986188318e-07, -0.9999999999995001, -0.5037027449425034, 0.0, 0.0, 0.0, 1.0], "fov": 50.0, "aspect": 1.3333333333333333}, {"camera_to_world": [0.9999878249941935, 0.004934558073657676, 4.934560325656783e-09, -0.08235083738300376, 0.004934558073660143, -0.9999878249936935, -9.999878235893943e-07, -0.04226755314216654, 2.2589012854986542e-15, 9.999999986063305e-07, -0.9999999999995001, -0.5040654924043946, 0.0, 0.0, 0.0, 1.0], "fov": 50.0, "aspect": 1.3333333333333333}, {"camera_to_world": [0.9999897875659365, 0.004519376487219736, 4.519378753097937e-09, -0.09835667824922402, 0.0045193764872219966, -0.9999897875654362, -9.999897861517832e-07, -0.041577129989300576, 2.27224389158605e-15, 9.999999985961017e-07, -0.9999999999994997, -0.5046700711278566, 0.0, 0.0, 0.0, 1.0], "fov": 50.0, "aspect": 1.3333333333333333}, {"camera_to_world": [0.9999922455715357, 0.003938120972943311, 3.938123249726153e-09, -0.11369910219742238, 0.00393812097294528, -0.9999922455710355, -9.999922441507403e-07, -0.04086885961654216, 2.2823584811676488e-15, 9.99999998588182e-07, -0.9999999999994998, -0.5055164811038411, 0.0, 0.0, 0.0, 1.0], "fov": 50.0, "aspect": 1.3333333333333333}, {"camera_to_world": [0.9999949094149504, 0.0031907905266721727, 3.1907928113338347e-09, -0.12810819505365745, 0.0031907905266737677, -0.9999949094144507, -9.999949079902635e-07, -0.040152610013582654, 2.2891943147778817e-15, 9.999999985826102e-07, -0.9999999999995003, -0.5066047223232999, 0.0, 0.0, 0.0, 1.0], "fov": 50.0, "aspect": 1.3333333333333333}, {"camera_to_world": [0.999997406757082, 0.0022773842695247054, 2.277386558986584e-09, -0.14131404264398767, 0.0022773842695258443, -0.999997406756582, -9.999974053312915e-07, -0.03943824917011342, 2.2927018755241247e-15, 9.999999985794272e-07, -0.9999999999995, -0.507934794777185, 0.0, 0.0, 0.0, 1.0], "fov": 50.0, "aspect": 1.3333333333333333}, {"camera_to_world": [0.9999992825154328, 0.0011979017571079117, 1.1979040482371567e-09, -0.15304673079447204, 0.0011979017571085106, -0.9999992825149326, -9.999992810913603e-07, -0.038735645075825796, 2.2928329008297555e-15, 9.999999985786732e-07, -0.9999999999994998, -0.509506698456448, 0.0, 0.0, 0.0, 1.0], "fov": 50.0, "aspect": 1.3333333333333333}, {"camera_to_world": [0.9999999988644223, -4.765664259344121e-05, -4.7654352985391645e-11, -0.1630363453311687, -4.765664259346504e-05, -0.9999999988639221, -9.999999974449246e-07, -0.0380546657204112, 2.289540422313306e-15, 9.999999985803935e-07, -0.9999999999994998, -0.5113204333520406, 0.0, 0.0, 0.0, 1.0], "fov": 50.0, "aspect": 1.3333333333333333}, {"camera_to_world": [0.999998935236799, -0.0014592893024856243, -1.4592870176445476e-09, -0.17101297208013672, -0.0014592893024863538, -0.9999989352362988, -9.99998933824764e-07, -0.03740517909356096, 2.282778806275075e-15, 9.999999985846323e-07, -0.9999999999994998, -0.5133759994549146, 0.0, 0.0, 0.0, 1.0], "fov": 50.0, "aspect": 1.3333333333333333}, {"camera_to_world": [0.9999953883266679, -0.003036992821319545, -3.0369905445499704e-09, -0.17670669686743423, -0.0030369928213210638, -0.9999953883261676, -9.999953869250127e-07, -0.03679705318496642, 2.272503776845263e-15, 9.999999985914369e-07, -0.9999999999994997, -0.5156733967560221, 0.0, 0.0, 0.0, 1.0], "fov": 50.0, "aspect": 1.3333333333333333}, {"camera_to_world": [0.9999874126953966, -0.0050174147493107155, -5.017412483691392e-09, -0.1805734550045927, -0.005017414749313224, -0.9999874126948964, -9.999874113074979e-07, -0.036153624393133216, 2.25862965055243e-15, 9.999999986007513e-07, -0.9999999999994998, -0.5185572348371826, 0.0, 0.0, 0.0, 1.0], "fov": 50.0, "aspect": 1.3333333333333333}, {"camera_to_world": [0.9999712155261589, -0.007587365757385686, -7.587363505555119e-09, -0.1832951982959438, -0.00758736575738948, -0.9999712155256588, -9.99971214155541e-07, -0.03540259648356551, 2.241370163525632e-15, 9.99999998612336e-07, -0.9999999999995, -0.5222995739053645, 0.0, 0.0, 0.0, 1.0], "fov": 50.0, "aspect": 1.3333333333333333}, {"camera_to_world": [0.9999430518431657, -0.010672069648198468, -1.0672067412534479e-08, -0.18494103730674727, -0.010672069648203804, -0.9999430518426657, -9.999430504929135e-07, -0.03456038849645256, 2.2211320210333166e-15, 9.999999986259653e-07, -0.9999999999995001, -0.5267915898892417, 0.0, 0.0, 0.0, 1.0], "fov": 50.0, "aspect": 1.3333333333333333}, {"camera_to_world": [0.9998992214017077, -0.014196726392325951, -1.4196724174945241e-08, -0.1855800826022628, -0.01419672639233305, -0.9998992214012079, -9.998992200744676e-07, -0.03364341947198363, 2.1983218778859146e-15, 9.999999986414142e-07, -0.9999999999995002, -0.5319244587174877, 0.0, 0.0, 0.0, 1.0], "fov": 50.0, "aspect": 1.3333333333333333}, {"camera_to_world": [0.9998364256625314, -0.018086512056588087, -1.8086509859343708e-08, -0.18528144474775005, -0.01808651205659713, -0.9998364256620309, -9.998364243605128e-07, -0.03266810845034799, 2.1733450385215064e-15, 9.99999998658454e-07, -0.9999999999994995, -0.5375893563187767, 0.0, 0.0, 0.0, 1.0], "fov": 50.0, "aspect": 1.3333333333333333}, {"camera_to_world": [0.9997520689006502, -0.022266583232930105, -2.2266581057407167e-08, -0.18411423430846874, -0.022266583232941235, -0.9997520689001501, -9.997520676256304e-07, -0.031650874471734904, 2.1466043589235597e-15, 9.999999986768547e-07, -0.9999999999994997, -0.5436774586217823, 0.0, 0.0, 0.0, 1.0], "fov": 50.0, "aspect": 1.3333333333333333}, {"camera_to_world": [0.9996445033989463, -0.026662085895016716, -2.666208374252662e-08, -0.1821475618496786, -0.026662085895030045, -0.9996445033984472, -9.996445021522707e-07, -0.03060813657633365, 2.1184992449052067e-15, 9.999999986963775e-07, -0.9999999999995007, -0.5500799415551786, 0.0, 0.0, 0.0, 1.0], "fov": 50.0, "aspect": 1.3333333333333333}, {"camera_to_world": [0.9995132186775143, -0.031198168037796903, -3.119816590937054e-08, -0.17945053793663923, -0.0311981680378125, -0.9995132186770147, -9.995132174601033e-07, -0.02955631380433347, 2.0894248786953722e-15, 9.99999998716778e-07, -0.9999999999995002, -0.5566879810476394, 0.0, 0.0, 0.0, 1.0], "fov": 50.0, "aspect": 1.3333333333333333}, {"camera_to_world": [0.9993589747222801, -0.03579999500044691, -3.5799992896827043e-08, -0.17609227313461043, -0.03579999500046481, -0.99935897472178, -9.993589735346343e-07, -0.028511825195923646, 2.0597715820097017e-15, 9.999999987378055e-07, -0.9999999999994997, -0.5633927530278383, 0.0, 0.0, 0.0, 1.0], "fov": 50.0, "aspect": 1.3333333333333333}, {"camera_to_world": [0.999183879199427, -0.040392766035309835, -4.0392763956943026e-08, -0.1721418780088518, -0.04039276603533003, -0.9991838791989274, -9.99183878041635e-07, -0.027491089791293444, 2.0299243611012242e-15, 9.99999998759201e-07, -0.9999999999995, -0.5700854334244495, 0.0, 0.0, 0.0, 1.0], "fov": 50.0, "aspect": 1.3333333333333333}, {"camera_to_world": [0.9989914086723929, -0.044901730464939824, -4.49017284119683e-08, -0.1676684631246232, -0.04490173046496228, -0.9989914086718932, -9.98991407544136e-07, -0.026510526630632126, 2.0002626701866975e-15, 9.99999998780698e-07, -0.9999999999994998, -0.5766571981661466, 0.0, 0.0, 0.0, 1.0], "fov": 50.0, "aspect": 1.3333333333333333}, {"camera_to_world": [0.9987863738713189, -0.049252201666317406, -4.925219963857096e-08, -0.16274113904718407, -0.049252201666342026, -0.9987863738708201, -9.98786372771878e-07, -0.025586554754128937, 1.9711602162319832e-15, 9.999999988020211e-07, -0.9999999999995006, -0.5829992231816038, 0.0, 0.0, 0.0, 1.0], "fov": 50.0, "aspect": 1.3333333333333333}, {"camera_to_world": [0.9985748290958391, -0.05336956713533508, -5.33695651323236e-08, -0.15742901634179432, -0.05336956713536177, -0.9985748290953392, -9.98574828024102e-07, -0.024735593201973174, 1.942985362616186e-15, 9.999999988228889e-07, -0.9999999999994995, -0.5890026843994945, 0.0, 0.0, 0.0, 1.0], "fov": 50.0, "aspect": 1.3333333333333333}, {"camera_to_world": [0.9983639258557948, -0.057179293015930575, -5.717929103683714e-08, -0.15180120557371352, -0.057179293015959164, -0.9983639258552959, -9.9836392481026e-07, -0.02397406101435408, 1.9161010728833713e-15, 9.999999988430108e-07, -0.9999999999995002, -0.5945587577484932, 0.0, 0.0, 0.0, 1.0], "fov": 50.0, "aspect": 1.3333333333333333}, {"camera_to_world": [0.9981617108659668, -0.060606921726172984, -6.060691976984832e-08, -0.14592681730820148, -0.06060692172620329, -0.9981617108654672, -9.981617098447516e-07, -0.023318377231460928, 1.890865926520359e-15, 9.999999988620934e-07, -0.9999999999994995, -0.599558619157273, 0.0, 0.0, 0.0, 1.0], "fov": 50.0, "aspect": 1.3333333333333333}, {"camera_to_world": [0.9979768685061091, -0.06357806167803544, -6.35780597429933e-08, -0.1398749621105178, -0.06357806167806722, -0.99797686850561, -9.979768675069537e-07, -0.022784960893482992, 1.8676346582784806e-15, 9.999999988798378e-07, -0.9999999999994997, -0.6038934445545083, 0.0, 0.0, 0.0, 1.0], "fov": 50.0, "aspect": 1.3333333333333333}, {"camera_to_world": [0.9978184078336219, -0.06601836856793379, -6.601836665234823e-08, -0.1337147505459222, -0.06601836856796679, -0.997818407833123, -9.978184068538906e-07, -0.02239023104060952, 1.846759220273488e-15, 9.999999988959402e-07, -0.9999999999995001, -0.6074544098688727, 0.0, 0.0, 0.0, 1.0], "fov": 50.0, "aspect": 1.3333333333333333}, {"camera_to_world": [0.9976952941919488, -0.06785351831140489, -6.78535164131092e-08, -0.12751529317967436, -0.0678535183114388, -0.9976952941914502, -9.976952932286332e-07, -0.022150606713029784, 1.8285901650315363e-15, 9.999999989100962e-07, -0.9999999999995003, -0.6101326910290402, 0.0, 0.0, 0.0, 1.0], "fov": 50.0, "aspect": 1.3333333333333333}, {"camera_to_world": [0.9976160253943848, -0.06900917240704715, -6.900917052353514e-08, -0.12134570057703405, -0.06900917240708165, -0.9976160253938858, -9.976160244441052e-07, -0.022082506950933046, 1.8134781708102335e-15, 9.99999998922004e-07, -0.9999999999995, -0.6118194639636847, 0.0, 0.0, 0.0, 1.0], "fov": 50.0, "aspect": 1.3333333333333333}]}