{"default_fov": 50.0, "default_transition_sec": 2.0, "keyframes": [{"matrix": [0.9987029608523822, -0.05091557703377873, -5.0915575569793635e-08, -0.018662026254556437, -0.050915577033804185, -0.9987029608518833, -9.987029600796713e-07, -0.04986850112882634, 1.4227686431151694e-15, 9.999999991537505e-07, -0.9999999999995004, -0.36543492062807625, 0.0, 0.0, 0.0, 1.0], "fov": 50.0, "aspect": 1.3333333333333333, "override_transition_enabled": false, "override_transition_sec": null}, {"matrix": [0.9987029608525623, -0.050915577030245816, -5.091557540290553e-08, -0.018662021128211796, -0.05091557703027127, -0.9987029608520636, -9.987029601394697e-07, -0.04986840057618598, 1.588947444775672e-15, 9.99999999204974e-07, -0.9999999999995006, -0.2647516900839146, 0.0, 0.0, 0.0, 1.0], "fov": 50.0, "aspect": 1.3333333333333333, "override_transition_enabled": false, "override_transition_sec": null}, {"matrix": [0.9984500180457887, -0.05565574062359885, -5.5655739190030517e-08, 0.06522498767739958, -0.05565574062362667, -0.9984500180452894, -9.984500173452272e-07, -0.05801901535867262, 1.392383854070206e-15, 9.999999992207368e-07, -0.9999999999995001, -0.37143141365224136, 0.0, 0.0, 0.0, 1.0], "fov": 50.0, "aspect": 1.3333333333333333, "override_transition_enabled": false, "override_transition_sec": null}], "render_height": 960.0, "render_width": 1280.0, "fps": 10.0, "seconds": 6.0, "is_cycle": true, "smoothness_value": 0.0, "camera_path": [{"camera_to_world": [0.9987029608523822, -0.05091557703377873, -5.0915575569793635e-08, -0.018662026254556437, -0.050915577033804185, -0.9987029608518833, -9.987029600796713e-07, -0.04986850112882634, 1.4227686431151694e-15, 9.999999991537505e-07, -0.9999999999995004, -0.36543492062807625, 0.0, 0.0, 0.0, 1.0], "fov": 50.0, "aspect": 1.3333333333333333}, {"camera_to_world": [0.9987086946849213, -0.05080298377790545, -5.080298229462348e-08, -0.02065434268261124, -0.05080298377793085, -0.9987086946844222, -9.98708693917274e-07, -0.049674923418141906, 1.4423931855106348e-15, 9.999999991579876e-07, -0.9999999999995003, -0.3622908851081545, 0.0, 0.0, 0.0, 1.0], "fov": 50.0, "aspect": 1.3333333333333333}, {"camera_to_world": [0.9987138141963829, -0.05070224189629169, -5.0702240394761316e-08, -0.02243694153033985, -0.050702241896317043, -0.9987138141958841, -9.987138134336234e-07, -0.049501721100627394, 1.4609508104996945e-15, 9.999999991620891e-07, -0.9999999999995005, -0.35826827714971377, 0.0, 0.0, 0.0, 1.0], "fov": 50.0, "aspect": 1.3333333333333333}, {"camera_to_world": [0.9987183229733084, -0.05061335157228604, -5.0613350053576254e-08, -0.024009822803509395, -0.05061335157231135, -0.9987183229728093, -9.987183222152531e-07, -0.04934889428940454, 1.4784208385670349e-15, 9.99999999166048e-07, -0.9999999999995002, -0.35348036538711614, 0.0, 0.0, 0.0, 1.0], "fov": 50.0, "aspect": 1.3333333333333333}, {"camera_to_world": [0.998722224180323, -0.050536312967075184, -5.053631143227544e-08, -0.025372986507887017, -0.050536312967100455, -0.9987222241798234, -9.987222234267804e-07, -0.049216443097595056, 1.494782583579897e-15, 9.99999999169856e-07, -0.9999999999994997, -0.3480404184547239, 0.0, 0.0, 0.0, 1.0], "fov": 50.0, "aspect": 1.3333333333333333}, {"camera_to_world": [0.9987255205601112, -0.050471126220168736, -5.04711246703891e-08, -0.026526432649239855, -0.050471126220193965, -0.9987255205596121, -9.987255198108848e-07, -0.04910436763832067, 1.5100153627142448e-15, 9.999999991735078e-07, -0.9999999999995002, -0.34206170498689914, 0.0, 0.0, 0.0, 1.0], "fov": 50.0, "aspect": 1.3333333333333333}, {"camera_to_world": [0.9987282144334376, -0.050417791449000895, -5.0417789885371946e-08, -0.027470161233335046, -0.0504177914490261, -0.9987282144329389, -9.987282136883231e-07, -0.049012668024703096, 1.5240984766024297e-15, 9.999999991769971e-07, -0.9999999999995006, -0.3356574936180041, 0.0, 0.0, 0.0, 1.0], "fov": 50.0, "aspect": 1.3333333333333333}, {"camera_to_world": [0.9987303076991, -0.050376308749833454, -5.0376307173506205e-08, -0.02820417226593972, -0.05037630874985864, -0.998730307698601, -9.987303069578849e-07, -0.04894134436986406, 1.5370112721989173e-15, 9.999999991803154e-07, -0.9999999999995004, -0.32894105298240095, 0.0, 0.0, 0.0, 1.0], "fov": 50.0, "aspect": 1.3333333333333333}, {"camera_to_world": [0.9987318018339696, -0.05034667819697675, -5.034667660912279e-08, -0.02872846575282103, -0.05034667819700193, -0.9987318018334702, -9.987318010964355e-07, -0.04889039678692528, 1.5487329839616102e-15, 9.999999991834566e-07, -0.9999999999995, -0.3220256517144519, 0.0, 0.0, 0.0, 1.0], "fov": 50.0, "aspect": 1.3333333333333333}, {"camera_to_world": [0.9987326978929322, -0.05032889984395186, -5.032889824576324e-08, -0.029043041699746103, -0.050328899843977024, -0.998732697892433, -9.98732697158853e-07, -0.048859825389008474, 1.5592429588449742e-15, 9.999999991864146e-07, -0.9999999999995002, -0.31502455844851907, 0.0, 0.0, 0.0, 1.0], "fov": 50.0, "aspect": 1.3333333333333333}, {"camera_to_world": [0.9987329965089307, -0.05032297372264212, -5.03229721153314e-08, -0.029147900112482077, -0.05032297372266728, -0.9987329965084316, -9.98732995778073e-07, -0.048849630289235356, 1.5685204445418016e-15, 9.999999991891823e-07, -0.9999999999995003, -0.3080510418189647, 0.0, 0.0, 0.0, 1.0], "fov": 50.0, "aspect": 1.3333333333333333}, {"camera_to_world": [0.9987326978929486, -0.050328899843625076, -5.032889822842528e-08, -0.029043040996796093, -0.050328899843650236, -0.9987326978924492, -9.98732697165072e-07, -0.04885981160072766, 1.5765447549193336e-15, 9.999999991917533e-07, -0.9999999999995, -0.3012183704601509, 0.0, 0.0, 0.0, 1.0], "fov": 50.0, "aspect": 1.3333333333333333}, {"camera_to_world": [0.9987318018340094, -0.05034667819618498, -5.034667657434961e-08, -0.028728464358455285, -0.05034667819621015, -0.9987318018335104, -9.987318011088665e-07, -0.04889036943660711, 1.5832951409790849e-15, 9.999999991941212e-07, -0.9999999999995003, -0.29463981300643993, 0.0, 0.0, 0.0, 1.0], "fov": 50.0, "aspect": 1.3333333333333333}, {"camera_to_world": [0.9987303076991773, -0.05037630874830028, -5.0376307121103294e-08, -0.028204170203226797, -0.050376308748325466, -0.9987303076986783, -9.98730306976512e-07, -0.0489413039099954, 1.5887508868097947e-15, 9.99999999196279e-07, -0.9999999999995004, -0.288428638092194, 0.0, 0.0, 0.0, 1.0], "fov": 50.0, "aspect": 1.3333333333333333}, {"camera_to_world": [0.9987282144335238, -0.0504177914472927, -5.0417789816028535e-08, -0.027470158536877766, -0.0504177914473179, -0.9987282144330244, -9.987282137130739e-07, -0.04901261513401427, 1.5928912268693656e-15, 9.999999991982204e-07, -0.9999999999995, -0.2826981143517751, 0.0, 0.0, 0.0, 1.0], "fov": 50.0, "aspect": 1.3333333333333333}, {"camera_to_world": [0.9987255205602202, -0.05047112621801298, -5.04711245839965e-08, -0.026526429365175318, -0.05047112621803821, -0.9987255205597213, -9.98725519841716e-07, -0.049104303221785446, 1.595695425394202e-15, 9.999999991999394e-07, -0.9999999999995004, -0.2775615104195456, 0.0, 0.0, 0.0, 1.0], "fov": 50.0, "aspect": 1.3333333333333333}, {"camera_to_world": [0.9987222241804306, -0.05053631296494873, -5.0536311329515245e-08, -0.02537298269388661, -0.050536312964974, -0.9987222241799308, -9.98722223463594e-07, -0.04921636828643064, 1.5971427333858187e-15, 9.999999992014294e-07, -0.9999999999994996, -0.2731320949298677, 0.0, 0.0, 0.0, 1.0], "fov": 50.0, "aspect": 1.3333333333333333}, {"camera_to_world": [0.9987183229734391, -0.05061335156970666, -5.061334993421187e-08, -0.02400981852877876, -0.05061335156973197, -0.9987183229729405, -9.987183222579853e-07, -0.04934881044107157, 1.597212355523616e-15, 9.99999999202684e-07, -0.9999999999995007, -0.26952313651710336, 0.0, 0.0, 0.0, 1.0], "fov": 50.0, "aspect": 1.3333333333333333}, {"camera_to_world": [0.9987138141965252, -0.05070224189348984, -5.070224025930988e-08, -0.02243693687561892, -0.050702241893515194, -0.998713814196026, -9.987138134821611e-07, -0.04950162979882995, 1.5958835560439986e-15, 9.999999992036969e-07, -0.9999999999995002, -0.26684790381561496, 0.0, 0.0, 0.0, 1.0], "fov": 50.0, "aspect": 1.3333333333333333}, {"camera_to_world": [0.9987086946850876, -0.050802983774636344, -5.0802982143167755e-08, -0.020654337740174222, -0.05080298377466174, -0.9987086946845879, -9.987086939715124e-07, -0.04967482647282752, 1.5931354999216974e-15, 9.999999992044617e-07, -0.9999999999994996, -0.26521966545976466, 0.0, 0.0, 0.0, 1.0], "fov": 50.0, "aspect": 1.3333333333333333}, {"camera_to_world": [0.9987029608525623, -0.050915577030245816, -5.091557540290553e-08, -0.018662021128211796, -0.05091557703027127, -0.9987029608520636, -9.987029601394697e-07, -0.04986840057618598, 1.588947444775672e-15, 9.99999999204974e-07, -0.9999999999995006, -0.2647516900839146, 0.0, 0.0, 0.0, 1.0], "fov": 50.0, "aspect": 1.3333333333333333}, {"camera_to_world": [0.9986957454163403, -0.05105691027958573, -5.105690865789209e-08, -0.016161139556443833, -0.05105691027961126, -0.9986957454158413, -9.986957447036818e-07, -0.05011138839126365, 1.5832178756924275e-15, 9.999999992054708e-07, -0.9999999999995003, -0.2655408526173715, 0.0, 0.0, 0.0, 1.0], "fov": 50.0, "aspect": 1.3333333333333333}, {"camera_to_world": [0.9986863521700756, -0.05124031605313413, -5.1240314438575265e-08, -0.012915760794341919, -0.05124031605315975, -0.998686352169576, -9.986863514580494e-07, -0.0504267131639175, 1.5759790394809636e-15, 9.999999992061772e-07, -0.9999999999994997, -0.2675285057738577, 0.0, 0.0, 0.0, 1.0], "fov": 50.0, "aspect": 1.3333333333333333}, {"camera_to_world": [0.9986750327613879, -0.05146045995750663, -5.146045835139369e-08, -0.009020257726812359, -0.05146045995753236, -0.9986750327608888, -9.98675032050163e-07, -0.050805205452517224, 1.567410629548829e-15, 9.999999992070647e-07, -0.9999999999995002, -0.27059463486435886, 0.0, 0.0, 0.0, 1.0], "fov": 50.0, "aspect": 1.3333333333333333}, {"camera_to_world": [0.9986620390651456, -0.05171200760213255, -5.1712006005599565e-08, -0.004569003238761498, -0.051712007602158404, -0.998662039064646, -9.986620383548592e-07, -0.05123769581543251, 1.5576923723907966e-15, 9.999999992081025e-07, -0.9999999999994997, -0.2746192251998606, 0.0, 0.0, 0.0, 1.0], "fov": 50.0, "aspect": 1.3333333333333333}, {"camera_to_world": [0.9986476250031459, -0.051989624691599685, -5.198962310560369e-08, 0.000343629784904341, -0.05198962469162568, -0.9986476250026469, -9.98647624293906e-07, -0.05171501481103309, 1.5470039713405825e-15, 9.999999992092627e-07, -0.9999999999995004, -0.2794822620913485, 0.0, 0.0, 0.0, 1.0], "fov": 50.0, "aspect": 1.3333333333333333}, {"camera_to_world": [0.9986320480788886, -0.05228797710527412, -5.2287975530595064e-08, 0.005623268459278892, -0.05228797710530027, -0.9986320480783891, -9.986320473707721e-07, -0.05222799299768862, 1.5355251098795678e-15, 9.999999992105142e-07, -0.9999999999994998, -0.28506373084980824, 0.0, 0.0, 0.0, 1.0], "fov": 50.0, "aspect": 1.3333333333333333}, {"camera_to_world": [0.9986155706274619, -0.0526017309637798, -5.2601729401020555e-08, 0.011175539899455817, -0.0526017309638061, -0.9986155706269634, -9.986155699205182e-07, -0.05276746093376886, 1.5234354979589133e-15, 9.999999992118297e-07, -0.9999999999995008, -0.29124361678622546, 0.0, 0.0, 0.0, 1.0], "fov": 50.0, "aspect": 1.3333333333333333}, {"camera_to_world": [0.9985984607805103, -0.052925552682922816, -5.292555113250912e-08, 0.01690607122052877, -0.05292555268294928, -0.9985984607800106, -9.985984600747557e-07, -0.05332424917764347, 1.5109147330332166e-15, 9.999999992131769e-07, -0.9999999999994996, -0.29790190521158577, 0.0, 0.0, 0.0, 1.0], "fov": 50.0, "aspect": 1.3333333333333333}, {"camera_to_world": [0.9985809931463707, -0.05325410901334358, -5.3254107475524005e-08, 0.022720489537591513, -0.05325410901337021, -0.9985809931458712, -9.985809924417952e-07, -0.053889188287682174, 1.4981424423355772e-15, 9.999999992145275e-07, -0.9999999999994998, -0.3049185814368748, 0.0, 0.0, 0.0, 1.0], "fov": 50.0, "aspect": 1.3333333333333333}, {"camera_to_world": [0.9985634492053059, -0.05358206706725385, -5.358206554209982e-08, 0.02852442196573769, -0.053582067067280637, -0.9985634492048064, -9.985634485018681e-07, -0.05445310882225467, 1.4852981703810335e-15, 9.999999992158503e-07, -0.9999999999994998, -0.3121736307730782, 0.0, 0.0, 0.0, 1.0], "fov": 50.0, "aspect": 1.3333333333333333}, {"camera_to_world": [0.9985461174199839, -0.05390409432940071, -5.390409281680643e-08, 0.03422349562006101, -0.05390409432942766, -0.9985461174194846, -9.985461167176148e-07, -0.05500684133973066, 1.4725614848456808e-15, 9.999999992171158e-07, -0.9999999999995001, -0.31954703853118166, 0.0, 0.0, 0.0, 1.0], "fov": 50.0, "aspect": 1.3333333333333333}, {"camera_to_world": [0.99852929306114, -0.05421485865348303, -5.421485715316545e-08, 0.03972333761565511, -0.05421485865351013, -0.998529293060641, -9.985292923597413e-07, -0.055541216398479844, 1.4601118806137208e-15, 9.999999992182919e-07, -0.9999999999995003, -0.32691879002217067, 0.0, 0.0, 0.0, 1.0], "fov": 50.0, "aspect": 1.3333333333333333}, {"camera_to_world": [0.9985132777484824, -0.05450902824284259, -5.450902675434138e-08, 0.044929575067613706, -0.05450902824286984, -0.998513277747984, -9.98513277047927e-07, -0.05604706455687192, 1.4481288260995754e-15, 9.999999992193481e-07, -0.999999999999501, -0.33416887055703093, 0.0, 0.0, 0.0, 1.0], "fov": 50.0, "aspect": 1.3333333333333333}, {"camera_to_world": [0.9984983787069327, -0.05478127161379111, -5.4781270136468674e-08, 0.04974783509103048, -0.0547812716138185, -0.998498378706434, -9.984983780070652e-07, -0.0565152163732766, 1.4367917731740543e-15, 9.999999992202526e-07, -0.9999999999995006, -0.3411772654467481, 0.0, 0.0, 0.0, 1.0], "fov": 50.0, "aspect": 1.3333333333333333}, {"camera_to_world": [0.9984849077381096, -0.05502625754324769, -5.5026256076289116e-08, 0.054083744800999145, -0.05502625754327521, -0.99848490773761, -9.984849070387471e-07, -0.056936502406063585, 1.4262801902515795e-15, 9.999999992209744e-07, -0.9999999999994997, -0.34782396000230786, 0.0, 0.0, 0.0, 1.0], "fov": 50.0, "aspect": 1.3333333333333333}, {"camera_to_world": [0.9984731799072379, -0.05523865499743425, -5.5238653539847325e-08, 0.05784293131261333, -0.05523865499746187, -0.9984731799067387, -9.984731792081694e-07, -0.057301753213602556, 1.4167734332500096e-15, 9.999999992214824e-07, -0.9999999999995001, -0.3539889395346957, 0.0, 0.0, 0.0, 1.0], "fov": 50.0, "aspect": 1.3333333333333333}, {"camera_to_world": [0.9984635119453105, -0.05541313304473882, -5.541313159535403e-08, 0.06093102174096685, -0.05541313304476652, -0.9984635119448116, -9.98463511246297e-07, -0.05760179935426326, 1.4084509672750441e-15, 9.999999992217442e-07, -0.9999999999995005, -0.35955218935489736, 0.0, 0.0, 0.0, 1.0], "fov": 50.0, "aspect": 1.3333333333333333}, {"camera_to_world": [0.9984562203666453, -0.055544360750216584, -5.554435930768709e-08, 0.06325364320115323, -0.055544360750244354, -0.9984562203661461, -9.9845621966742e-07, -0.05782747138641536, 1.4014922541236601e-15, 9.999999992217285e-07, -0.9999999999995002, -0.36439369477389844, 0.0, 0.0, 0.0, 1.0], "fov": 50.0, "aspect": 1.3333333333333333}, {"camera_to_world": [0.9984516193018154, -0.055627007052148535, -5.562700561495027e-08, 0.06471642280826628, -0.055627007052176346, -0.9984516193013161, -9.984516186020834e-07, -0.057969599868428576, 1.396076705961998e-15, 9.99999999221403e-07, -0.9999999999995001, -0.3683934411026846, 0.0, 0.0, 0.0, 1.0], "fov": 50.0, "aspect": 1.3333333333333333}, {"camera_to_world": [0.9984500180457558, -0.05565574062418751, -5.56557392178214e-08, 0.06522498767739958, -0.055655740624215334, -0.9984500180452568, -9.984500173351935e-07, -0.05801901535867262, 1.3646671658695344e-15, 9.99999999212265e-07, -0.9999999999995003, -0.37143141365224136, 0.0, 0.0, 0.0, 1.0], "fov": 50.0, "aspect": 1.3333333333333333}, {"camera_to_world": [0.9984516193017702, -0.05562700705296034, -5.562700564621173e-08, 0.06471642253368641, -0.05562700705298815, -0.9984516193012708, -9.984516185908435e-07, -0.05796960525427939, 1.365051477290849e-15, 9.999999992119194e-07, -0.9999999999995, -0.37378628663870617, 0.0, 0.0, 0.0, 1.0], "fov": 50.0, "aspect": 1.3333333333333333}, {"camera_to_world": [0.9984562203665942, -0.055544360751133504, -5.554435934328757e-08, 0.06325364261931313, -0.05554436075116127, -0.9984562203660946, -9.984562196546196e-07, -0.05782748279914005, 1.3661540891950475e-15, 9.99999999210925e-07, -0.9999999999994997, -0.37582124144066076, 0.0, 0.0, 0.0, 1.0], "fov": 50.0, "aspect": 1.3333333333333333}, {"camera_to_world": [0.9984635119452513, -0.05541313304580436, -5.541313163622158e-08, 0.06093102082495312, -0.05541313304583206, -0.9984635119447519, -9.984635112316099e-07, -0.057601817321763185, 1.3678995163881507e-15, 9.99999999209344e-07, -0.9999999999995, -0.3775430241127572, 0.0, 0.0, 0.0, 1.0], "fov": 50.0, "aspect": 1.3333333333333333}, {"camera_to_world": [0.9984731799071824, -0.05523865499843708, -5.523865358655342e-08, 0.0578429300412799, -0.0552386549984647, -0.9984731799066827, -9.98473179191322e-07, -0.05730177815065738, 1.370212386172743e-15, 9.999999992072404e-07, -0.9999999999994996, -0.3789583807096478, 0.0, 0.0, 0.0, 1.0], "fov": 50.0, "aspect": 1.3333333333333333}, {"camera_to_world": [0.9984849077380503, -0.05502625754432241, -5.502625612964918e-08, 0.05408374315896687, -0.05502625754434993, -0.9984849077375509, -9.984849070194837e-07, -0.056936534614331194, 1.3730173192339633e-15, 9.999999992046765e-07, -0.9999999999995, -0.3800740572859846, 0.0, 0.0, 0.0, 1.0], "fov": 50.0, "aspect": 1.3333333333333333}, {"camera_to_world": [0.9984983787068586, -0.05478127161514049, -5.47812701972645e-08, 0.049747833068687485, -0.05478127161516788, -0.9984983787063592, -9.984983779851654e-07, -0.05651525604129322, 1.3762389461831184e-15, 9.999999992017159e-07, -0.9999999999994998, -0.3808967998964199, 0.0, 0.0, 0.0, 1.0], "fov": 50.0, "aspect": 1.3333333333333333}, {"camera_to_world": [0.9985132777484037, -0.054509028244284614, -5.450902682286806e-08, 0.04492957266111526, -0.05450902824431187, -0.9985132777479043, -9.985132770232276e-07, -0.056047111760052025, 1.3798018810879028e-15, 9.999999991984205e-07, -0.9999999999995, -0.3814333545956058, 0.0, 0.0, 0.0, 1.0], "fov": 50.0, "aspect": 1.3333333333333333}, {"camera_to_world": [0.998529293061049, -0.054214858655159306, -5.421485722993977e-08, 0.039723334826923556, -0.05421485865518641, -0.9985292930605495, -9.98529292332101e-07, -0.0555412710991162, 1.3836307313985658e-15, 9.999999991948547e-07, -0.9999999999994998, -0.38169046743819457, 0.0, 0.0, 0.0, 1.0], "fov": 50.0, "aspect": 1.3333333333333333}, {"camera_to_world": [0.9985461174198874, -0.05390409433118664, -5.3904092901977057e-08, 0.034223492456785916, -0.05390409433121359, -0.998546117419388, -9.98546116686945e-07, -0.0550069033869943, 1.387649995377516e-15, 9.999999991910814e-07, -0.9999999999995, -0.38167488447883835, 0.0, 0.0, 0.0, 1.0], "fov": 50.0, "aspect": 1.3333333333333333}, {"camera_to_world": [0.9985634492051965, -0.05358206706929261, -5.3582065635981103e-08, 0.028524418441375737, -0.053582067069319395, -0.9985634492046972, -9.98563448468101e-07, -0.05445317795219492, 1.3917841216563254e-15, 9.99999999187162e-07, -0.9999999999995001, -0.38139335177218936, 0.0, 0.0, 0.0, 1.0], "fov": 50.0, "aspect": 1.3333333333333333}, {"camera_to_world": [0.9985809931462505, -0.05325410901559798, -5.325410757814791e-08, 0.022720485671366485, -0.053254109015624614, -0.9985809931457511, -9.985809924049107e-07, -0.05388926412322663, 1.3959575224706188e-15, 9.999999991831606e-07, -0.9999999999995, -0.38085261537289977, 0.0, 0.0, 0.0, 1.0], "fov": 50.0, "aspect": 1.3333333333333333}, {"camera_to_world": [0.9985984607803879, -0.052925552685230984, -5.292555124368077e-08, 0.01690606703743152, -0.05292555268525745, -0.998598460779888, -9.985984600347783e-07, -0.05332433122859801, 1.4000944710896782e-15, 9.999999991791393e-07, -0.9999999999994994, -0.38005942133562165, 0.0, 0.0, 0.0, 1.0], "fov": 50.0, "aspect": 1.3333333333333333}, {"camera_to_world": [0.9986155706273245, -0.05260173096638878, -5.260172952085183e-08, 0.011175535430244465, -0.05260173096641508, -0.9986155706268246, -9.986155698774864e-07, -0.052767548596817634, 1.4041192076955612e-15, 9.999999991751608e-07, -0.9999999999994994, -0.37902051571500744, 0.0, 0.0, 0.0, 1.0], "fov": 50.0, "aspect": 1.3333333333333333}, {"camera_to_world": [0.9986320480787463, -0.05228797710799065, -5.228797565865529e-08, 0.00562326374047859, -0.052287977108016796, -0.9986320480782468, -9.986320473247867e-07, -0.05222808555639408, 1.4079558335039822e-15, 9.999999991712877e-07, -0.9999999999994998, -0.37774264456570905, 0.0, 0.0, 0.0, 1.0], "fov": 50.0, "aspect": 1.3333333333333333}, {"camera_to_world": [0.9986476250029916, -0.05198962469456323, -5.198962324169263e-08, 0.00034362485880752304, -0.051989624694589225, -0.9986476250024926, -9.98647624245085e-07, -0.05171511143583592, 1.411528443113211e-15, 9.99999999167583e-07, -0.9999999999995003, -0.37623255394237887, 0.0, 0.0, 0.0, 1.0], "fov": 50.0, "aspect": 1.3333333333333333}, {"camera_to_world": [0.9986620390649867, -0.05171200760519895, -5.1712006149131005e-08, -0.004569008324095391, -0.051712007605224805, -0.9986620390644873, -9.986620383033725e-07, -0.051237795563651746, 1.4147609921551743e-15, 9.99999999164107e-07, -0.9999999999994998, -0.37449698989966895, 0.0, 0.0, 0.0, 1.0], "fov": 50.0, "aspect": 1.3333333333333333}, {"camera_to_world": [0.998675032761221, -0.05146045996074484, -5.146045850189215e-08, -0.009020262917556709, -0.05146045996077057, -0.9986750327607218, -9.986750319962063e-07, -0.05080530726835013, 1.417577436261799e-15, 9.999999991609245e-07, -0.9999999999995001, -0.37254269849223165, 0.0, 0.0, 0.0, 1.0], "fov": 50.0, "aspect": 1.3333333333333333}, {"camera_to_world": [0.9986863521699016, -0.05124031605652461, -5.124031459537441e-08, -0.012915766030902952, -0.05124031605655023, -0.9986863521694026, -9.986863514018593e-07, -0.05042681587843963, 1.4199016119510035e-15, 9.999999991580954e-07, -0.9999999999995003, -0.3703764257747189, 0.0, 0.0, 0.0, 1.0], "fov": 50.0, "aspect": 1.3333333333333333}, {"camera_to_world": [0.9986957454161641, -0.05105691028303263, -5.1056908820146754e-08, -0.01616114477346072, -0.051056910283058164, -0.9986957454156643, -9.986957446455339e-07, -0.05011149072242884, 1.4216574053715432e-15, 9.99999999155683e-07, -0.9999999999994995, -0.3680049178017831, 0.0, 0.0, 0.0, 1.0], "fov": 50.0, "aspect": 1.3333333333333333}]}