{"default_fov": 50.0, "default_transition_sec": 2.0, "keyframes": [{"matrix": [0.9969462238715392, 0.07808867119139605, 0.0006214015133102764, -0.0645619440957099, 0.07809114359694518, -0.9969146600441637, -0.007933087718630891, -0.009205571643111355, -2.688821387764051e-17, 0.007957387799538024, -0.9999683394885103, -0.03502456722135767, 0.0, 0.0, 0.0, 1.0], "fov": 50.0, "aspect": 1.3333333333333333, "override_transition_enabled": false, "override_transition_sec": null}, {"matrix": [0.9994878269678307, 0.03200029528176296, 0.000254646821505335, -0.03493732184583163, 0.032001308459557135, -0.9994561826720006, -0.007953312240100706, -0.012473078817901799, -1.81603863891322e-18, 0.007957387799538142, -0.9999683394885098, 0.023795432759568868, 0.0, 0.0, 0.0, 1.0], "fov": 50.0, "aspect": 1.3333333333333333, "override_transition_enabled": false, "override_transition_sec": null}, {"matrix": [0.9994878269678305, 0.032000295281769904, 0.00025464682150541944, -0.0009553226491611987, 0.03200130845956408, -0.9994561826720006, -0.007953312240100787, -0.011385980025110282, 2.4692704478357363e-17, 0.007957387799538227, -0.99996833948851, -0.037784567164137216, 0.0, 0.0, 0.0, 1.0], "fov": 50.0, "aspect": 1.3333333333333333, "override_transition_enabled": false, "override_transition_sec": null}], "render_height": 960.0, "render_width": 1280.0, "fps": 10.0, "seconds": 6.0, "is_cycle": true, "smoothness_value": 0.0, "camera_path": [{"camera_to_world": [0.9969462238715393, 0.07808867119139488, 0.0006214015133102621, -0.0645619440957099, 0.07809114359694401, -0.9969146600441633, -0.007933087718630877, -0.009205571643111355, -3.10623922417097e-17, 0.007957387799538007, -0.9999683394885097, -0.03502456722135767, 0.0, 0.0, 0.0, 1.0], "fov": 50.0, "aspect": 1.3333333333333333}, {"camera_to_world": [0.9969680401178062, 0.07780966262761399, 0.0006191812636746265, -0.06518941730424092, 0.07781212619932959, -0.9969364755997168, -0.007933261318962754, -0.00925119950168732, -3.0791341698588326e-17, 0.00795738779953801, -0.9999683394885098, -0.03320544597328528, 0.0, 0.0, 0.0, 1.0], "fov": 50.0, "aspect": 1.3333333333333333}, {"camera_to_world": [0.9970303546128183, 0.07700711956066073, 0.000612794915069986, -0.06539495543668791, 0.07700955772264786, -0.9969987881218196, -0.007933757179565099, -0.009331277507394547, -3.04118709382184e-17, 0.007957387799538012, -0.9999683394885095, -0.030871197225239115, 0.0, 0.0, 0.0, 1.0], "fov": 50.0, "aspect": 1.3333333333333333}, {"camera_to_world": [0.9971279710507593, 0.07573272843777566, 0.00060265376962305, -0.06521188619308198, 0.07573512625061053, -0.9970964014691747, -0.007934533951417409, -0.009442129714661398, -2.959871930885427e-17, 0.007957387799538014, -0.9999683394885097, -0.028087993477197724, 0.0, 0.0, 0.0, 1.0], "fov": 50.0, "aspect": 1.3333333333333333}, {"camera_to_world": [0.9972552362243766, 0.0740381435687098, 0.0005891688737219633, -0.06467353727345423, 0.07404048772842226, -0.9972236626135117, -0.007935546649757264, -0.009580080177916235, -2.862293735361732e-17, 0.007957387799538019, -0.9999683394885099, -0.02492200722913964, 0.0, 0.0, 0.0, 1.0], "fov": 50.0, "aspect": 1.3333333333333333}, {"camera_to_world": [0.9974062713986993, 0.07197500768063979, 0.0005727511815849171, -0.06381323637783579, 0.07197728651834663, -0.9973746930059829, -0.007936748495210722, -0.009741452951587414, -2.7376104855258987e-17, 0.007957387799538024, -0.9999683394885094, -0.021439410981043416, 0.0, 0.0, 0.0, 1.0], "fov": 50.0, "aspect": 1.3333333333333333}, {"camera_to_world": [0.9975751768610749, 0.06959496966879224, 0.0005538116965132216, -0.06266431120625773, 0.06959717315089246, -0.9975435931207258, -0.007938092541476312, -0.0099225720901033, -2.585822181377928e-17, 0.007957387799538033, -0.9999683394885102, -0.017706377232887576, 0.0, 0.0, 0.0, 1.0], "fov": 50.0, "aspect": 1.3333333333333333}, {"camera_to_world": [0.9977562096868384, 0.06694969900191321, 0.0005327615855248442, -0.061260089458751235, 0.06695181873073942, -0.997724620214897, -0.00793953308987537, -0.010119761647892252, -2.439454888092385e-17, 0.007957387799538043, -0.9999683394885097, -0.013789078484650687, 0.0, 0.0, 0.0, 1.0], "fov": 50.0, "aspect": 1.3333333333333333}, {"camera_to_world": [0.9979439347332174, 0.0640908965194994, 0.0005100122652748825, -0.05963389883534735, 0.06409292573431105, -0.9979123393178057, -0.007941026890869101, -0.010329345679382632, -2.2551405187698492e-17, 0.00795738779953805, -0.9999683394885102, -0.009753687236311264, 0.0, 0.0, 0.0, 1.0], "fov": 50.0, "aspect": 1.3333333333333333}, {"camera_to_world": [0.9981333488521368, 0.06107030159637162, 0.0004859754590686622, -0.05781906703607722, 0.061072235174575086, -0.9981017474397764, -0.007942534132468057, -0.010547648239002798, -2.0599841277224584e-17, 0.007957387799538055, -0.9999683394885096, -0.005666375987847874, 0.0, 0.0, 0.0, 1.0], "fov": 50.0, "aspect": 1.3333333333333333}, {"camera_to_world": [0.9983199782962846, 0.057939695850143684, 0.0004610632263644371, -0.05584892176097195, 0.05794153030862977, -0.9982883709751402, -0.007944019215329962, -0.010770993381181114, -1.8648277366750676e-17, 0.007957387799538064, -0.9999683394885093, -0.001593317239239045, 0.0, 0.0, 0.0, 1.0], "fov": 50.0, "aspect": 1.3333333333333333}, {"camera_to_world": [0.9984999492824018, 0.05475090372803115, 0.0004356879674430016, -0.053756790710062674, 0.05475263722453111, -0.9984683362632848, -0.007945451314259173, -0.010995705160345938, -1.6642503347652493e-17, 0.007957387799538078, -0.99996833948851, 0.0023993165095366753, 0.0, 0.0, 0.0, 1.0], "fov": 50.0, "aspect": 1.3333333333333333}, {"camera_to_world": [0.9986700316709918, 0.05155579043151136, 0.00041026240689288375, -0.05157600158338046, 0.051557422765887234, -0.9986384132669786, -0.007946804725783066, -0.011218107630925633, -1.4609624274242172e-17, 0.007957387799538087, -0.9999683394885093, 0.006245352758500755, 0.0, 0.0, 0.0, 1.0], "fov": 50.0, "aspect": 1.3333333333333333}, {"camera_to_world": [0.9988276557218405, 0.04840625772058127, 0.0003851995602221398, -0.04933988208095645, 0.048407790335983414, -0.99879603232737, -0.00794805900148221, -0.011434524847348557, -1.2630955309456127e-17, 0.007957387799538095, -0.99996833948851, 0.009878619007674639, 0.0, 0.0, 0.0, 1.0], "fov": 50.0, "aspect": 1.3333333333333333}, {"camera_to_world": [0.9989709018889769, 0.04535423818294827, 0.0003609126882546408, -0.047081759902821776, 0.04535567416679137, -0.998939273959259, -0.007949198866784923, -0.011641280864043074, -1.0598076236045806e-17, 0.007957387799538106, -0.9999683394885095, 0.013232942757079777, 0.0, 0.0, 0.0, 1.0], "fov": 50.0, "aspect": 1.3333333333333333}, {"camera_to_world": [0.9990984636257746, 0.042451688558616155, 0.00033781524400952964, -0.04483496274900752, 0.04245303264334395, -0.9990668316573869, -0.007950213924993007, -0.011834699735437543, -8.61940727125976e-18, 0.007957387799538109, -0.9999683394885095, 0.016242151506737648, 0.0, 0.0, 0.0, 1.0], "fov": 50.0, "aspect": 1.3333333333333333}, {"camera_to_world": [0.999209583179674, 0.03975058267551802, 0.00031632081648553666, -0.0426328183195448, 0.039751841239144325, -0.9991779476931846, -0.00795109814637551, -0.012011105515960324, -6.80336863234654e-18, 0.007957387799538121, -0.9999683394885098, 0.018840072756669716, 0.0, 0.0, 0.0, 1.0], "fov": 50.0, "aspect": 1.3333333333333333}, {"camera_to_world": [0.9993039603652477, 0.037302904478340025, 0.0002968430751868667, -0.04050865431446475, 0.03730408554476904, -0.9992723218907278, -0.007951849142240551, -0.01216682226003978, -5.1228552649940085e-18, 0.007957387799538125, -0.9999683394885092, 0.020960534006897395, 0.0, 0.0, 0.0, 1.0], "fov": 50.0, "aspect": 1.3333333333333333}, {"camera_to_world": [0.9993816343130904, 0.03516064151935648, 0.0002797957183256124, -0.03849579843379845, 0.03516175475849702, -0.9993499933793738, -0.007952467223965467, -0.012298174022104272, -3.821812658011403e-18, 0.007957387799538135, -0.9999683394885096, 0.022537362757442198, 0.0, 0.0, 0.0, 1.0], "fov": 50.0, "aspect": 1.3333333333333333}, {"camera_to_world": [0.9994428381995066, 0.03337577912765278, 0.00026559242642252965, -0.03662757837757703, 0.033376835855347876, -0.9994111953280445, -0.007952954247024524, -0.012401484856582157, -2.6020852139652106e-18, 0.00795738779953814, -0.9999683394885102, 0.02350438650832553, 0.0, 0.0, 0.0, 1.0], "fov": 50.0, "aspect": 1.3333333333333333}, {"camera_to_world": [0.9994878269678307, 0.03200029528176296, 0.000254646821505335, -0.03493732184583163, 0.032001308459557135, -0.9994561826720006, -0.007953312240100706, -0.012473078817901799, -1.81603863891322e-18, 0.007957387799538142, -0.9999683394885098, 0.023795432759568868, 0.0, 0.0, 0.0, 1.0], "fov": 50.0, "aspect": 1.3333333333333333}, {"camera_to_world": [0.9995223122720469, 0.03090447848445298, 0.000245926706208582, -0.033220648716346286, 0.03090545696702839, -0.9994906668843948, -0.007953586653039748, -0.012518272980542974, -1.0299920638612292e-18, 0.007957387799538152, -0.9999683394885102, 0.02335655401139039, 0.0, 0.0, 0.0, 1.0], "fov": 50.0, "aspect": 1.3333333333333333}, {"camera_to_world": [0.9995521490947873, 0.029923979294792444, 0.00023812424688946863, -0.03127644689961519, 0.029924926733279122, -0.9995205027624855, -0.007953824076208997, -0.012545650373461151, 2.981555974335137e-19, 0.007957387799538149, -0.9999683394885095, 0.0222241027639367, 0.0, 0.0, 0.0, 1.0], "fov": 50.0, "aspect": 1.3333333333333333}, {"camera_to_world": [0.9995776768953131, 0.0290588090060038, 0.0002312395334153906, -0.02914294614473457, 0.029059729051889346, -0.9995460297547886, -0.007954027210817456, -0.012556433982798215, 1.870248747537495e-18, 0.007957387799538154, -0.99996833948851, 0.02046735651712196, 0.0, 0.0, 0.0, 1.0], "fov": 50.0, "aspect": 1.3333333333333333}, {"camera_to_world": [0.9995991952110388, 0.028308977121763775, 0.00022527264141318352, -0.026858376200800727, 0.028309873426836687, -0.9995675473892337, -0.007954198440400486, -0.012551846794696061, 3.699839913606784e-18, 0.007957387799538161, -0.9999683394885103, 0.01815559277086036, 0.0, 0.0, 0.0, 1.0], "fov": 50.0, "aspect": 1.3333333333333333}, {"camera_to_world": [0.9996169636516571, 0.027674491529077277, 0.0002202236336447909, -0.024460966816909895, 0.027675367745375774, -0.9995853152672932, -0.007954339830773082, -0.012533111795296575, 5.624298769768554e-18, 0.007957387799538166, -0.9999683394885095, 0.01535808902506607, 0.0, 0.0, 0.0, 1.0], "fov": 50.0, "aspect": 1.3333333333333333}, {"camera_to_world": [0.9996312018943301, 0.027155358648010594, 0.0002160925611987875, -0.021988947742158316, 0.027156218427776158, -0.9995995530591765, -0.007954453129991625, -0.01250145197074165, 7.752045533271357e-18, 0.007957387799538175, -0.9999683394885098, 0.012144122779653242, 0.0, 0.0, 0.0, 1.0], "fov": 50.0, "aspect": 1.3333333333333333}, {"camera_to_world": [0.9996420896798238, 0.02675158355852177, 0.0002128794644996491, -0.019480548725642255, 0.026752430554156718, -0.9996104404999578, -0.007954539768323082, -0.01245809030717318, 1.0015317568334847e-17, 0.007957387799538182, -0.9999683394885102, 0.008582971534536049, 0.0, 0.0, 0.0, 1.0], "fov": 50.0, "aspect": 1.3333333333333333}, {"camera_to_world": [0.9996497668094874, 0.02646317010411119, 0.0002105843741325673, -0.016973999516457977, 0.026464007968139542, -0.9996181173865594, -0.00795460085822101, -0.012404249790733051, 1.2305694657710475e-17, 0.007957387799538189, -0.9999683394885102, 0.004743912789628682, 0.0, 0.0, 0.0, 1.0], "fov": 50.0, "aspect": 1.3333333333333333}, {"camera_to_world": [0.9996543331429871, 0.026290120972535323, 0.00020920731148573954, -0.014507529863701709, 0.026290953357566184, -0.9996226835754863, -0.007954637194307498, -0.012341153407563152, 1.4568966692773966e-17, 0.007957387799538196, -0.9999683394885097, 0.0006962240448452756, 0.0, 0.0, 0.0, 1.0], "fov": 50.0, "aspect": 1.3333333333333333}, {"camera_to_world": [0.9996558485967418, 0.026232437753279218, 0.00020874828920771526, -0.012119369516469726, 0.026233268311972032, -0.9996241989812615, -0.007954649253360726, -0.012270024143805378, 1.679158114636925e-17, 0.007957387799538206, -0.9999683394885103, -0.003490817199899987, 0.0, 0.0, 0.0, 1.0], "fov": 50.0, "aspect": 1.3333333333333333}, {"camera_to_world": [0.9996543331429897, 0.026290120972438175, 0.0002092073114849711, -0.009847748223858265, 0.026290953357469036, -0.9996226835754888, -0.007954637194307529, -0.012192084985601617, 1.8905775382715984e-17, 0.00795738779953821, -0.9999683394885096, -0.0077479334446929424, 0.0, 0.0, 0.0, 1.0], "fov": 50.0, "aspect": 1.3333333333333333}, {"camera_to_world": [0.9996497668094877, 0.02646317010409768, 0.00021058437413246903, -0.007730895734963611, 0.026464007968126032, -0.9996181173865594, -0.007954600858221037, -0.012108558919093758, 2.087089182034596e-17, 0.007957387799538215, -0.9999683394885098, -0.012005847189619384, 0.0, 0.0, 0.0, 1.0], "fov": 50.0, "aspect": 1.3333333333333333}, {"camera_to_world": [0.9996420896798234, 0.026751583558539994, 0.00021287946449980783, -0.00580704179888199, 0.026752430554174943, -0.9996104404999572, -0.007954539768323117, -0.012020668930423693, 2.2646272877790974e-17, 0.00795738779953822, -0.9999683394885099, -0.016195280934765188, 0.0, 0.0, 0.0, 1.0], "fov": 50.0, "aspect": 1.3333333333333333}, {"camera_to_world": [0.9996312018943292, 0.027155358648045348, 0.00021609256119908176, -0.00411441616470967, 0.02715621842781091, -0.9995995530591751, -0.007954453129991665, -0.011929638005733314, 2.4082840756334267e-17, 0.007957387799538225, -0.9999683394885094, -0.020246957180216154, 0.0, 0.0, 0.0, 1.0], "fov": 50.0, "aspect": 1.3333333333333333}, {"camera_to_world": [0.9996169636516566, 0.02767449152909248, 0.00022022363364493326, -0.0026912485815428987, 0.027675367745390977, -0.9995853152672932, -0.00795433983077314, -0.01183668913116451, 2.5275463146068322e-17, 0.007957387799538229, -0.9999683394885099, -0.024091598426058142, 0.0, 0.0, 0.0, 1.0], "fov": 50.0, "aspect": 1.3333333333333333}, {"camera_to_world": [0.9995991952110378, 0.028308977121798855, 0.0002252726414134871, -0.001575768798477939, 0.028309873426871773, -0.9995675473892319, -0.007954198440400547, -0.011743045292859175, 2.6007299612496038e-17, 0.007957387799538232, -0.9999683394885095, -0.02765992717237693, 0.0, 0.0, 0.0, 1.0], "fov": 50.0, "aspect": 1.3333333333333333}, {"camera_to_world": [0.9995776768953128, 0.029058809006011842, 0.00023123953341548144, -0.0008062065646110173, 0.02905972905189739, -0.9995460297547886, -0.007954027210817533, -0.011649929476959192, 2.642742795433417e-17, 0.007957387799538234, -0.9999683394885103, -0.030882665919258458, 0.0, 0.0, 0.0, 1.0], "fov": 50.0, "aspect": 1.3333333333333333}, {"camera_to_world": [0.9995521490947865, 0.029923979294817663, 0.00023812424688969785, -0.00042079162903842503, 0.029924926733304342, -0.9995205027624855, -0.007953824076209075, -0.011558564669606454, 2.6386770372865964e-17, 0.007957387799538234, -0.9999683394885103, -0.03369053716678841, 0.0, 0.0, 0.0, 1.0], "fov": 50.0, "aspect": 1.3333333333333333}, {"camera_to_world": [0.9995223122720468, 0.03090447848445664, 0.00024592670620864044, -0.00045775374085640366, 0.03090545696703205, -0.9994906668843944, -0.007953586653039826, -0.011470173856942855, 2.5804011705155006e-17, 0.00795738779953823, -0.9999683394885098, -0.03601426341505274, 0.0, 0.0, 0.0, 1.0], "fov": 50.0, "aspect": 1.3333333333333333}, {"camera_to_world": [0.9994878269678305, 0.032000295281769904, 0.00025464682150541944, -0.0009553226491611987, 0.03200130845956408, -0.9994561826720006, -0.007953312240100787, -0.011385980025110282, 2.4692704478357363e-17, 0.007957387799538227, -0.99996833948851, -0.037784567164137216, 0.0, 0.0, 0.0, 1.0], "fov": 50.0, "aspect": 1.3333333333333333}, {"camera_to_world": [0.999442838199506, 0.033375779127670216, 0.0002655924264226969, -0.002044522570115504, 0.033376835855365314, -0.9994111953280431, -0.0079529542470246, -0.011295158003893142, 2.3066401219629107e-17, 0.00795738779953822, -0.9999683394885095, -0.03916480966403112, 0.0, 0.0, 0.0, 1.0], "fov": 50.0, "aspect": 1.3333333333333333}, {"camera_to_world": [0.9993816343130905, 0.035160641519352984, 0.00027979571832561205, -0.0037831862543996004, 0.03516175475849352, -0.9993499933793745, -0.007952467223965547, -0.01118770260526774, 2.0925101928970236e-17, 0.007957387799538215, -0.9999683394885102, -0.040366607164623584, 0.0, 0.0, 0.0, 1.0], "fov": 50.0, "aspect": 1.3333333333333333}, {"camera_to_world": [0.9993039603652475, 0.03730290447834571, 0.00029684307518693836, -0.006099756252886145, 0.037304085544774726, -0.9992723218907285, -0.00795184914224063, -0.011066066788663823, 1.848564704087785e-17, 0.007957387799538206, -0.99996833948851, -0.04139306466585025, 0.0, 0.0, 0.0, 1.0], "fov": 50.0, "aspect": 1.3333333333333333}, {"camera_to_world": [0.9992095831796739, 0.03975058267552196, 0.00031632081648559325, -0.008922675116447728, 0.03975184123914826, -0.9991779476931846, -0.007951098146375577, -0.010932703513511142, 1.5748036555351952e-17, 0.00795738779953819, -0.9999683394885099, -0.04224728716764674, 0.0, 0.0, 0.0, 1.0], "fov": 50.0, "aspect": 1.3333333333333333}, {"camera_to_world": [0.9990984636257743, 0.04245168855862388, 0.00033781524400961545, -0.012180385395957033, 0.04245303264335167, -0.9990668316573869, -0.007950213924993078, -0.010790065739239445, 1.2603850255143989e-17, 0.007957387799538184, -0.9999683394885098, -0.042932379669948666, 0.0, 0.0, 0.0, 1.0], "fov": 50.0, "aspect": 1.3333333333333333}, {"camera_to_world": [0.9989709018889763, 0.04535423818295919, 0.0003609126882547504, -0.015801329642286664, 0.045355674166802286, -0.998939273959259, -0.007949198866784982, -0.010640606425278483, 9.459663954936026e-18, 0.007957387799538168, -0.99996833948851, -0.04345144717269168, 0.0, 0.0, 0.0, 1.0], "fov": 50.0, "aspect": 1.3333333333333333}, {"camera_to_world": [0.9988276557218404, 0.048406257720583525, 0.0003851995602221793, -0.019713950406309227, 0.04840779033598567, -0.99879603232737, -0.007948059001482271, -0.010486778531058004, 5.990217002982412e-18, 0.007957387799538156, -0.9999683394885102, -0.043807594675811384, 0.0, 0.0, 0.0, 1.0], "fov": 50.0, "aspect": 1.3333333333333333}, {"camera_to_world": [0.9986700316709917, 0.05155579043151307, 0.00041026240689291736, -0.02384669023889742, 0.05155742276588895, -0.9986384132669792, -0.00794680472578312, -0.010331035016007753, 2.574980159653073e-18, 0.007957387799538144, -0.99996833948851, -0.04400392717924341, 0.0, 0.0, 0.0, 1.0], "fov": 50.0, "aspect": 1.3333333333333333}, {"camera_to_world": [0.9984999492824018, 0.05475090372803135, 0.0004356879674430218, -0.028127991690923792, 0.0547526372245313, -0.9984683362632844, -0.007945451314259227, -0.010175828839557486, -1.0570971181733668e-18, 0.007957387799538132, -0.9999683394885096, -0.0440435496829234, 0.0, 0.0, 0.0, 1.0], "fov": 50.0, "aspect": 1.3333333333333333}, {"camera_to_world": [0.9983199782962839, 0.057939695850155605, 0.000461063226364549, -0.032486297313261026, 0.057941530308641694, -0.9982883709751402, -0.007944019215330007, -0.010023612961136946, -4.363913744254155e-18, 0.007957387799538116, -0.9999683394885099, -0.043929567186786984, 0.0, 0.0, 0.0, 1.0], "fov": 50.0, "aspect": 1.3333333333333333}, {"camera_to_world": [0.9981333488521368, 0.06107030159637319, 0.0004859754590686903, -0.03685004965678175, 0.061072235174576654, -0.9981017474397771, -0.007942534132468104, -0.009876840340175884, -7.779150587583494e-18, 0.007957387799538106, -0.9999683394885103, -0.04366508469076976, 0.0, 0.0, 0.0, 1.0], "fov": 50.0, "aspect": 1.3333333333333333}, {"camera_to_world": [0.9979439347332175, 0.06409089651949673, 0.0005100122652748754, -0.041147691272358636, 0.06409292573430839, -0.9979123393178063, -0.007941026890869146, -0.009737963936104047, -1.1058862159352145e-17, 0.007957387799538095, -0.9999683394885107, -0.043253207194807373, 0.0, 0.0, 0.0, 1.0], "fov": 50.0, "aspect": 1.3333333333333333}, {"camera_to_world": [0.9977562096868381, 0.06694969900191818, 0.0005327615855248963, -0.04530766471086424, 0.06695181873074439, -0.997724620214897, -0.007939533089875401, -0.009609436708351186, -1.3986208025063007e-17, 0.007957387799538078, -0.99996833948851, -0.042697039698835454, 0.0, 0.0, 0.0, 1.0], "fov": 50.0, "aspect": 1.3333333333333333}, {"camera_to_world": [0.9975751768610744, 0.0695949696687976, 0.0005538116965132756, -0.049258412523171265, 0.06959717315089782, -0.9975435931207247, -0.00793809254147634, -0.009493711616347046, -1.6859343782149594e-17, 0.007957387799538064, -0.9999683394885095, -0.04199968720278961, 0.0, 0.0, 0.0, 1.0], "fov": 50.0, "aspect": 1.3333333333333333}, {"camera_to_world": [0.997406271398699, 0.0719750076806438, 0.0005727511815849589, -0.05292837726015228, 0.07197728651835064, -0.9973746930059829, -0.007936748495210748, -0.009393241619521382, -1.9244588561617704e-17, 0.00795738779953805, -0.9999683394885097, -0.041164254706605514, 0.0, 0.0, 0.0, 1.0], "fov": 50.0, "aspect": 1.3333333333333333}, {"camera_to_world": [0.997255236224377, 0.07403814356870576, 0.0005891688737219398, -0.05624600147267993, 0.07404048772841822, -0.9972236626135117, -0.007935546649757288, -0.009310479677303937, -2.1738253558334364e-17, 0.007957387799538043, -0.9999683394885096, -0.04019384721021875, 0.0, 0.0, 0.0, 1.0], "fov": 50.0, "aspect": 1.3333333333333333}, {"camera_to_world": [0.9971279710507591, 0.07573272843777853, 0.0006026537696230805, -0.05913972771162688, 0.0757351262506134, -0.9970964014691747, -0.007934533951417433, -0.009247878749124465, -2.3744027577432547e-17, 0.007957387799538041, -0.9999683394885099, -0.03909156971356496, 0.0, 0.0, 0.0, 1.0], "fov": 50.0, "aspect": 1.3333333333333333}, {"camera_to_world": [0.9970303546128171, 0.07700711956067671, 0.00061279491507012, -0.0615379985278658, 0.07700955772266385, -0.9969987881218185, -0.00793375717956511, -0.009207891794412709, -2.5207700510287978e-17, 0.007957387799538031, -0.9999683394885096, -0.037860527216579745, 0.0, 0.0, 0.0, 1.0], "fov": 50.0, "aspect": 1.3333333333333333}, {"camera_to_world": [0.9969680401177999, 0.07780966262769361, 0.0006191812636752658, -0.06336925647226924, 0.0778121261994092, -0.9969364755997103, -0.007933261318962721, -0.009192971772598422, -2.6291902682773483e-17, 0.007957387799538026, -0.9999683394885096, -0.036503824719198774, 0.0, 0.0, 0.0, 1.0], "fov": 50.0, "aspect": 1.3333333333333333}]}